  3.8000000e+002  9.5715306e-002
  3.8400000e+002  9.7525773e-002
  3.8800000e+002  1.0157787e-001
  3.9200000e+002  1.0352150e-001
  3.9600000e+002  1.0609776e-001
  4.0000000e+002  1.0939404e-001
  4.0400000e+002  1.1282686e-001
  4.0800000e+002  1.1686412e-001
  4.1200000e+002  1.2009956e-001
  4.1600000e+002  1.2360768e-001
  4.2000000e+002  1.2866856e-001
  4.2400000e+002  1.3209546e-001
  4.2800000e+002  1.3603822e-001
  4.3200000e+002  1.3979980e-001
  4.3600000e+002  1.4314668e-001
  4.4000000e+002  1.4786919e-001
  4.4400000e+002  1.5209924e-001
  4.4800000e+002  1.5654344e-001
  4.5200000e+002  1.6049614e-001
  4.5600000e+002  1.6404350e-001
  4.6000000e+002  1.6830223e-001
  4.6400000e+002  1.7200330e-001
  4.6800000e+002  1.7587302e-001
  4.7200000e+002  1.8077806e-001
  4.7600000e+002  1.8489144e-001
  4.8000000e+002  1.8916256e-001
  4.8400000e+002  1.9397187e-001
  4.8800000e+002  1.9783856e-001
  4.9200000e+002  2.0210456e-001
  4.9600000e+002  2.0668730e-001
  5.0000000e+002  2.1041128e-001
  5.0400000e+002  2.1501452e-001
  5.0800000e+002  2.1937934e-001
  5.1200000e+002  2.2393985e-001
  5.1600000e+002  2.2927171e-001
  5.2000000e+002  2.3464317e-001
  5.2400000e+002  2.3968185e-001
  5.2800000e+002  2.4480666e-001
  5.3200000e+002  2.5003554e-001
  5.3600000e+002  2.5536610e-001
  5.4000000e+002  2.6149611e-001
  5.4400000e+002  2.6626627e-001
  5.4800000e+002  2.7123073e-001
  5.5200000e+002  2.7818233e-001
  5.5600000e+002  2.8474623e-001
  5.6000000e+002  2.9029713e-001
  5.6400000e+002  2.9594031e-001
  5.6800000e+002  3.0268005e-001
  5.7200000e+002  3.0858293e-001
  5.7600000e+002  3.1439252e-001
  5.8000000e+002  3.2219043e-001
  5.8400000e+002  3.2852270e-001
  5.8800000e+002  3.3461145e-001
  5.9200000e+002  3.4182355e-001
  5.9600000e+002  3.4761675e-001
  6.0000000e+002  3.5361883e-001
  6.0400000e+002  3.6035208e-001
  6.0800000e+002  3.6763540e-001
  6.1200000e+002  3.7374405e-001
  6.1600000e+002  3.8025890e-001
  6.2000000e+002  3.8717735e-001
  6.2400000e+002  3.9310541e-001
  6.2800000e+002  3.9920248e-001
  6.3200000e+002  4.0599663e-001
  6.3600000e+002  4.1263255e-001
  6.4000000e+002  4.1966864e-001
  6.4400000e+002  4.2583587e-001
  6.4800000e+002  4.3210863e-001
  6.5200000e+002  4.3827467e-001
  6.5600000e+002  4.4377190e-001
  6.6000000e+002  4.4917625e-001
  6.6400000e+002  4.5595691e-001
  6.6800000e+002  4.6277895e-001
  6.7200000e+002  4.6781475e-001
  6.7600000e+002  4.7259659e-001
  6.8000000e+002  4.8053414e-001
  6.8400000e+002  4.8576310e-001
  6.8800000e+002  4.9266247e-001
  6.9200000e+002  5.0000000e-001
  6.9600000e+002  5.0486594e-001
  7.0000000e+002  5.1036503e-001
  7.0400000e+002  5.1660506e-001
  7.0800000e+002  5.2285432e-001
  7.1200000e+002  5.2826162e-001
  7.1600000e+002  5.3456706e-001
  7.2000000e+002  5.3873960e-001
  7.2400000e+002  5.4262546e-001
  7.2800000e+002  5.4706629e-001
  7.3200000e+002  5.5235513e-001
  7.3600000e+002  5.5747126e-001
  7.4000000e+002  5.6241307e-001
  7.4400000e+002  5.6867142e-001
  7.4800000e+002  5.7267962e-001
  7.5200000e+002  5.7720980e-001
  7.5600000e+002  5.8047493e-001
  7.6000000e+002  5.8731756e-001
  7.6400000e+002  5.9056555e-001
  7.6800000e+002  5.9480660e-001
  7.7200000e+002  5.9889631e-001
  7.7600000e+002  6.0215296e-001
  7.8000000e+002  6.0634654e-001
