  3.8000000e+002  4.9393002e-001
  3.8400000e+002  5.0034364e-001
  3.8800000e+002  5.0840164e-001
  3.9200000e+002  5.1105999e-001
  3.9600000e+002  5.1642962e-001
  4.0000000e+002  5.2100032e-001
  4.0400000e+002  5.2467894e-001
  4.0800000e+002  5.2757057e-001
  4.1200000e+002  5.3154850e-001
  4.1600000e+002  5.3511660e-001
  4.2000000e+002  5.3696884e-001
  4.2400000e+002  5.3854007e-001
  4.2800000e+002  5.4089172e-001
  4.3200000e+002  5.4168779e-001
  4.3600000e+002  5.4384825e-001
  4.4000000e+002  5.4483575e-001
  4.4400000e+002  5.4462713e-001
  4.4800000e+002  5.4465731e-001
  4.5200000e+002  5.4450262e-001
  4.5600000e+002  5.4431712e-001
  4.6000000e+002  5.4330799e-001
  4.6400000e+002  5.4247286e-001
  4.6800000e+002  5.4163614e-001
  4.7200000e+002  5.3954082e-001
  4.7600000e+002  5.3767561e-001
  4.8000000e+002  5.3526057e-001
  4.8400000e+002  5.3087743e-001
  4.8800000e+002  5.2701801e-001
  4.9200000e+002  5.2386059e-001
  4.9600000e+002  5.2031755e-001
  5.0000000e+002  5.1616658e-001
  5.0400000e+002  5.1332239e-001
  5.0800000e+002  5.1132644e-001
  5.1200000e+002  5.0900962e-001
  5.1600000e+002  5.0700280e-001
  5.2000000e+002  5.0433401e-001
  5.2400000e+002  5.0151844e-001
  5.2800000e+002  4.9858877e-001
  5.3200000e+002  4.9779673e-001
  5.3600000e+002  4.9663276e-001
  5.4000000e+002  4.9543379e-001
  5.4400000e+002  4.9637137e-001
  5.4800000e+002  4.9869349e-001
  5.5200000e+002  5.0091024e-001
  5.5600000e+002  5.0338819e-001
  5.6000000e+002  5.0512753e-001
  5.6400000e+002  5.0689263e-001
  5.6800000e+002  5.0743046e-001
  5.7200000e+002  5.0629247e-001
  5.7600000e+002  5.0442368e-001
  5.8000000e+002  5.0195109e-001
  5.8400000e+002  4.9790081e-001
  5.8800000e+002  4.9335378e-001
  5.9200000e+002  4.8861819e-001
  5.9600000e+002  4.8399133e-001
  6.0000000e+002  4.8009016e-001
  6.0400000e+002  4.7490804e-001
  6.0800000e+002  4.6961691e-001
  6.1200000e+002  4.6536224e-001
  6.1600000e+002  4.6210895e-001
  6.2000000e+002  4.5878435e-001
  6.2400000e+002  4.5680238e-001
  6.2800000e+002  4.5635800e-001
  6.3200000e+002  4.5586661e-001
  6.3600000e+002  4.5643154e-001
  6.4000000e+002  4.5797234e-001
  6.4400000e+002  4.5972644e-001
  6.4800000e+002  4.6261981e-001
  6.5200000e+002  4.6355974e-001
  6.5600000e+002  4.6431985e-001
  6.6000000e+002  4.6471868e-001
  6.6400000e+002  4.6609632e-001
  6.6800000e+002  4.6766574e-001
  6.7200000e+002  4.6748035e-001
  6.7600000e+002  4.6828392e-001
  6.8000000e+002  4.6981380e-001
  6.8400000e+002  4.7475323e-001
  6.8800000e+002  4.7966457e-001
  6.9200000e+002  4.8421502e-001
  6.9600000e+002  4.8937438e-001
  7.0000000e+002  4.9639477e-001
  7.0400000e+002  5.0352573e-001
  7.0800000e+002  5.1243012e-001
  7.1200000e+002  5.2395869e-001
  7.1600000e+002  5.3477080e-001
  7.2000000e+002  5.4408189e-001
  7.2400000e+002  5.5293758e-001
  7.2800000e+002  5.6384396e-001
  7.3200000e+002  5.7380549e-001
  7.3600000e+002  5.8140021e-001
  7.4000000e+002  5.9015994e-001
  7.4400000e+002  5.9575263e-001
  7.4800000e+002  6.0194265e-001
  7.5200000e+002  6.0649627e-001
  7.5600000e+002  6.1021828e-001
  7.6000000e+002  6.1575239e-001
  7.6400000e+002  6.1714881e-001
  7.6800000e+002  6.1915066e-001
  7.7200000e+002  6.2038920e-001
  7.7600000e+002  6.2178663e-001
  7.8000000e+002  6.2236400e-001
