  3.8000000e+002  2.1287789e-002
  3.8400000e+002  2.1592211e-002
  3.8800000e+002  2.1942623e-002
  3.9200000e+002  2.2070430e-002
  3.9600000e+002  2.2349191e-002
  4.0000000e+002  2.2704392e-002
  4.0400000e+002  2.3032647e-002
  4.0800000e+002  2.3390376e-002
  4.1200000e+002  2.3730661e-002
  4.1600000e+002  2.4054870e-002
  4.2000000e+002  2.4345609e-002
  4.2400000e+002  2.4531649e-002
  4.2800000e+002  2.4718471e-002
  4.3200000e+002  2.4931576e-002
  4.3600000e+002  2.5139665e-002
  4.4000000e+002  2.5292986e-002
  4.4400000e+002  2.5394891e-002
  4.4800000e+002  2.5503238e-002
  4.5200000e+002  2.5604587e-002
  4.5600000e+002  2.5689897e-002
  4.6000000e+002  2.5719880e-002
  4.6400000e+002  2.5766871e-002
  4.6800000e+002  2.5750916e-002
  4.7200000e+002  2.5676020e-002
  4.7600000e+002  2.5670498e-002
  4.8000000e+002  2.5631320e-002
  4.8400000e+002  2.5552579e-002
  4.8800000e+002  2.5446298e-002
  4.9200000e+002  2.5372654e-002
  4.9600000e+002  2.5271798e-002
  5.0000000e+002  2.5143559e-002
  5.0400000e+002  2.5082712e-002
  5.0800000e+002  2.4994108e-002
  5.1200000e+002  2.4836743e-002
  5.1600000e+002  2.4687675e-002
  5.2000000e+002  2.4586825e-002
  5.2400000e+002  2.4500362e-002
  5.2800000e+002  2.4363534e-002
  5.3200000e+002  2.4305615e-002
  5.3600000e+002  2.4212638e-002
  5.4000000e+002  2.4074671e-002
  5.4400000e+002  2.4009009e-002
  5.4800000e+002  2.3940423e-002
  5.5200000e+002  2.3842599e-002
  5.5600000e+002  2.3765731e-002
  5.6000000e+002  2.3707599e-002
  5.6400000e+002  2.3676489e-002
  5.6800000e+002  2.3611076e-002
  5.7200000e+002  2.3545180e-002
  5.7600000e+002  2.3515265e-002
  5.8000000e+002  2.3552289e-002
  5.8400000e+002  2.3533193e-002
  5.8800000e+002  2.3510992e-002
  5.9200000e+002  2.3538821e-002
  5.9600000e+002  2.3549591e-002
  6.0000000e+002  2.3576258e-002
  6.0400000e+002  2.3533894e-002
  6.0800000e+002  2.3521797e-002
  6.1200000e+002  2.3540455e-002
  6.1600000e+002  2.3589536e-002
  6.2000000e+002  2.3666389e-002
  6.2400000e+002  2.3755143e-002
  6.2800000e+002  2.3867966e-002
  6.3200000e+002  2.3988068e-002
  6.3600000e+002  2.4112494e-002
  6.4000000e+002  2.4163247e-002
  6.4400000e+002  2.4229483e-002
  6.4800000e+002  2.4375399e-002
  6.5200000e+002  2.4485209e-002
  6.5600000e+002  2.4589041e-002
  6.6000000e+002  2.4614548e-002
  6.6400000e+002  2.4700570e-002
  6.6800000e+002  2.4860727e-002
  6.7200000e+002  2.5024243e-002
  6.7600000e+002  2.5162624e-002
  6.8000000e+002  2.5281174e-002
  6.8400000e+002  2.5522020e-002
  6.8800000e+002  2.5815514e-002
  6.9200000e+002  2.5972696e-002
  6.9600000e+002  2.6053625e-002
  7.0000000e+002  2.6273096e-002
  7.0400000e+002  2.6448678e-002
  7.0800000e+002  2.6580072e-002
  7.1200000e+002  2.6791738e-002
  7.1600000e+002  2.6967742e-002
  7.2000000e+002  2.7079335e-002
  7.2400000e+002  2.7236842e-002
  7.2800000e+002  2.7446876e-002
  7.3200000e+002  2.7614368e-002
  7.3600000e+002  2.7788227e-002
  7.4000000e+002  2.8045897e-002
  7.4400000e+002  2.8284064e-002
  7.4800000e+002  2.8489053e-002
  7.5200000e+002  2.8727370e-002
  7.5600000e+002  2.8877429e-002
  7.6000000e+002  2.9149472e-002
  7.6400000e+002  2.9330206e-002
  7.6800000e+002  2.9545577e-002
  7.7200000e+002  2.9729887e-002
  7.7600000e+002  2.9919666e-002
  7.8000000e+002  3.0184688e-002
