  3.8000000e+002  7.7743394e-002
  3.8400000e+002  8.8155785e-002
  3.8800000e+002  1.0313525e-001
  3.9200000e+002  1.1727128e-001
  3.9600000e+002  1.3111002e-001
  4.0000000e+002  1.4443732e-001
  4.0400000e+002  1.5384496e-001
  4.0800000e+002  1.6113793e-001
  4.1200000e+002  1.6551863e-001
  4.1600000e+002  1.6939643e-001
  4.2000000e+002  1.7458924e-001
  4.2400000e+002  1.7875191e-001
  4.2800000e+002  1.8425478e-001
  4.3200000e+002  1.9044602e-001
  4.3600000e+002  1.9631025e-001
  4.4000000e+002  2.0429121e-001
  4.4400000e+002  2.1026130e-001
  4.4800000e+002  2.1455747e-001
  4.5200000e+002  2.1691598e-001
  4.5600000e+002  2.1895463e-001
  4.6000000e+002  2.2053674e-001
  4.6400000e+002  2.2120104e-001
  4.6800000e+002  2.2233211e-001
  4.7200000e+002  2.2396684e-001
  4.7600000e+002  2.2600255e-001
  4.8000000e+002  2.2766399e-001
  4.8400000e+002  2.2996651e-001
  4.8800000e+002  2.3316878e-001
  4.9200000e+002  2.3750670e-001
  4.9600000e+002  2.4245156e-001
  5.0000000e+002  2.4768495e-001
  5.0400000e+002  2.5331481e-001
  5.0800000e+002  2.5915936e-001
  5.1200000e+002  2.6581764e-001
  5.1600000e+002  2.7389356e-001
  5.2000000e+002  2.8143600e-001
  5.2400000e+002  2.8886479e-001
  5.2800000e+002  2.9664126e-001
  5.3200000e+002  3.0348259e-001
  5.3600000e+002  3.1021636e-001
  5.4000000e+002  3.1829170e-001
  5.4400000e+002  3.2444945e-001
  5.4800000e+002  3.3054612e-001
  5.5200000e+002  3.3762778e-001
  5.5600000e+002  3.4476559e-001
  5.6000000e+002  3.5130160e-001
  5.6400000e+002  3.5816365e-001
  5.6800000e+002  3.6529912e-001
  5.7200000e+002  3.7062673e-001
  5.7600000e+002  3.7507788e-001
  5.8000000e+002  3.8098335e-001
  5.8400000e+002  3.8480714e-001
  5.8800000e+002  3.8778119e-001
  5.9200000e+002  3.9042697e-001
  5.9600000e+002  3.9179104e-001
  6.0000000e+002  3.9306286e-001
  6.0400000e+002  3.9358907e-001
  6.0800000e+002  3.9392338e-001
  6.1200000e+002  3.9383924e-001
  6.1600000e+002  3.9360841e-001
  6.2000000e+002  3.9356092e-001
  6.2400000e+002  3.9225422e-001
  6.2800000e+002  3.9181805e-001
  6.3200000e+002  3.9100505e-001
  6.3600000e+002  3.9004149e-001
  6.4000000e+002  3.8942088e-001
  6.4400000e+002  3.8875380e-001
  6.4800000e+002  3.8849840e-001
  6.5200000e+002  3.8753925e-001
  6.5600000e+002  3.8642880e-001
  6.6000000e+002  3.8638483e-001
  6.6400000e+002  3.8593156e-001
  6.6800000e+002  3.8654504e-001
  6.7200000e+002  3.8588865e-001
  6.7600000e+002  3.8472597e-001
  6.8000000e+002  3.8367500e-001
  6.8400000e+002  3.8344723e-001
  6.8800000e+002  3.8394130e-001
  6.9200000e+002  3.8363908e-001
  6.9600000e+002  3.8228401e-001
  7.0000000e+002  3.8197386e-001
  7.0400000e+002  3.8294001e-001
  7.0800000e+002  3.8322920e-001
  7.1200000e+002  3.8289157e-001
  7.1600000e+002  3.8356537e-001
  7.2000000e+002  3.8240563e-001
  7.2400000e+002  3.8133415e-001
  7.2800000e+002  3.8182683e-001
  7.3200000e+002  3.8071840e-001
  7.3600000e+002  3.8070359e-001
  7.4000000e+002  3.7917246e-001
  7.4400000e+002  3.7940877e-001
  7.4800000e+002  3.7961764e-001
  7.5200000e+002  3.7886049e-001
  7.5600000e+002  3.7790837e-001
  7.6000000e+002  3.7735279e-001
  7.6400000e+002  3.7753453e-001
  7.6800000e+002  3.7657560e-001
  7.7200000e+002  3.7534127e-001
  7.7600000e+002  3.7291131e-001
  7.8000000e+002  3.7239758e-001
