  3.8000000e+002  2.1054511e-001
  3.8400000e+002  2.4485682e-001
  3.8800000e+002  3.0112705e-001
  3.9200000e+002  3.5940541e-001
  3.9600000e+002  4.3174759e-001
  4.0000000e+002  5.2356525e-001
  4.0400000e+002  6.1225437e-001
  4.0800000e+002  7.0410999e-001
  4.1200000e+002  7.6335262e-001
  4.1600000e+002  7.9821674e-001
  4.2000000e+002  8.2648725e-001
  4.2400000e+002  8.3818275e-001
  4.2800000e+002  8.4585987e-001
  4.3200000e+002  8.5048150e-001
  4.3600000e+002  8.5422892e-001
  4.4000000e+002  8.5750222e-001
  4.4400000e+002  8.5936583e-001
  4.4800000e+002  8.6144091e-001
  4.5200000e+002  8.6287709e-001
  4.5600000e+002  8.6482694e-001
  4.6000000e+002  8.6581433e-001
  4.6400000e+002  8.6715432e-001
  4.6800000e+002  8.6886447e-001
  4.7200000e+002  8.7002551e-001
  4.7600000e+002  8.7113665e-001
  4.8000000e+002  8.7192118e-001
  4.8400000e+002  8.7314133e-001
  4.8800000e+002  8.7311541e-001
  4.9200000e+002  8.7412869e-001
  4.9600000e+002  8.7580732e-001
  5.0000000e+002  8.7622866e-001
  5.0400000e+002  8.7687839e-001
  5.0800000e+002  8.7743878e-001
  5.1200000e+002  8.7779434e-001
  5.1600000e+002  8.7941176e-001
  5.2000000e+002  8.8023693e-001
  5.2400000e+002  8.8141721e-001
  5.2800000e+002  8.8159752e-001
  5.3200000e+002  8.8244492e-001
  5.3600000e+002  8.8336438e-001
  5.4000000e+002  8.8315874e-001
  5.4400000e+002  8.8413413e-001
  5.4800000e+002  8.8515809e-001
  5.5200000e+002  8.8671054e-001
  5.5600000e+002  8.8687595e-001
  5.6000000e+002  8.8640547e-001
  5.6400000e+002  8.8668269e-001
  5.6800000e+002  8.8759050e-001
  5.7200000e+002  8.8811981e-001
  5.7600000e+002  8.8797508e-001
  5.8000000e+002  8.8982830e-001
  5.8400000e+002  8.8953031e-001
  5.8800000e+002  8.8905930e-001
  5.9200000e+002  8.8975022e-001
  5.9600000e+002  8.8938373e-001
  6.0000000e+002  8.8993238e-001
  6.0400000e+002  8.9017341e-001
  6.0800000e+002  8.9048877e-001
  6.1200000e+002  8.9079852e-001
  6.1600000e+002  8.9199029e-001
  6.2000000e+002  8.9258951e-001
  6.2400000e+002  8.9204142e-001
  6.2800000e+002  8.9292571e-001
  6.3200000e+002  8.9291724e-001
  6.3600000e+002  8.9303827e-001
  6.4000000e+002  8.9451284e-001
  6.4400000e+002  8.9346505e-001
  6.4800000e+002  8.9329073e-001
  6.5200000e+002  8.9224922e-001
  6.5600000e+002  8.9343740e-001
  6.6000000e+002  8.9260180e-001
  6.6400000e+002  8.9353612e-001
  6.6800000e+002  8.9509692e-001
  6.7200000e+002  8.9349607e-001
  6.7600000e+002  8.9326146e-001
  6.8000000e+002  8.9430130e-001
  6.8400000e+002  8.9502658e-001
  6.8800000e+002  8.9622642e-001
  6.9200000e+002  8.9718430e-001
  6.9600000e+002  8.9493545e-001
  7.0000000e+002  8.9477242e-001
  7.0400000e+002  8.9792437e-001
  7.0800000e+002  8.9674449e-001
  7.1200000e+002  8.9810671e-001
  7.1600000e+002  8.9779287e-001
  7.2000000e+002  8.9699296e-001
  7.2400000e+002  8.9840881e-001
  7.2800000e+002  8.9755788e-001
  7.3200000e+002  8.9630634e-001
  7.3600000e+002  8.9794497e-001
  7.4000000e+002  8.9673157e-001
  7.4400000e+002  8.9806320e-001
  7.4800000e+002  8.9700894e-001
  7.5200000e+002  8.9536741e-001
  7.5600000e+002  8.9397937e-001
  7.6000000e+002  8.9632612e-001
  7.6400000e+002  8.9575189e-001
  7.6800000e+002  8.9640249e-001
  7.7200000e+002  8.9660180e-001
  7.7600000e+002  8.9460154e-001
  7.8000000e+002  8.9758227e-001
