  3.8000000e+002  5.2249464e-001
  3.8400000e+002  5.3974800e-001
  3.8800000e+002  5.6065574e-001
  3.9200000e+002  5.7901256e-001
  3.9600000e+002  6.0274644e-001
  4.0000000e+002  6.3962809e-001
  4.0400000e+002  6.7987003e-001
  4.0800000e+002  7.3160743e-001
  4.1200000e+002  7.6779228e-001
  4.1600000e+002  7.9739369e-001
  4.2000000e+002  8.1869688e-001
  4.2400000e+002  8.2018887e-001
  4.2800000e+002  8.2853503e-001
  4.3200000e+002  8.3603649e-001
  4.3600000e+002  8.4305574e-001
  4.4000000e+002  8.5498668e-001
  4.4400000e+002  8.5085144e-001
  4.4800000e+002  8.3729088e-001
  4.5200000e+002  8.2660184e-001
  4.5600000e+002  8.1992516e-001
  4.6000000e+002  8.1640175e-001
  4.6400000e+002  8.1642284e-001
  4.6800000e+002  8.1599512e-001
  4.7200000e+002  8.1428571e-001
  4.7600000e+002  8.1162197e-001
  4.8000000e+002  8.0865958e-001
  4.8400000e+002  8.0549230e-001
  4.8800000e+002  8.0226818e-001
  4.9200000e+002  8.0093834e-001
  4.9600000e+002  7.9924650e-001
  5.0000000e+002  7.9643042e-001
  5.0400000e+002  7.9366082e-001
  5.0800000e+002  7.9298154e-001
  5.1200000e+002  7.9162715e-001
  5.1600000e+002  7.9103641e-001
  5.2000000e+002  7.9023404e-001
  5.2400000e+002  7.8872017e-001
  5.2800000e+002  7.8619814e-001
  5.3200000e+002  7.8592751e-001
  5.3600000e+002  7.8578593e-001
  5.4000000e+002  7.8391082e-001
  5.4400000e+002  7.8315816e-001
  5.4800000e+002  7.8364254e-001
  5.5200000e+002  7.8252346e-001
  5.5600000e+002  7.8204951e-001
  5.6000000e+002  7.8056797e-001
  5.6400000e+002  7.8032123e-001
  5.6800000e+002  7.8076972e-001
  5.7200000e+002  7.8177699e-001
  5.7600000e+002  7.8218069e-001
  5.8000000e+002  7.8251821e-001
  5.8400000e+002  7.8181580e-001
  5.8800000e+002  7.8118609e-001
  5.9200000e+002  7.8183832e-001
  5.9600000e+002  7.8189697e-001
  6.0000000e+002  7.8249437e-001
  6.0400000e+002  7.8389385e-001
  6.0800000e+002  7.8480845e-001
  6.1200000e+002  7.8569540e-001
  6.1600000e+002  7.8694714e-001
  6.2000000e+002  7.8795448e-001
  6.2400000e+002  7.8805504e-001
  6.2800000e+002  7.9072515e-001
  6.3200000e+002  7.9210647e-001
  6.3600000e+002  7.9360688e-001
  6.4000000e+002  7.9571363e-001
  6.4400000e+002  7.9665653e-001
  6.4800000e+002  7.9808307e-001
  6.5200000e+002  7.9887622e-001
  6.5600000e+002  7.9993629e-001
  6.6000000e+002  7.9950264e-001
  6.6400000e+002  8.0164766e-001
  6.6800000e+002  8.0208503e-001
  6.7200000e+002  8.0153820e-001
  6.7600000e+002  8.0251572e-001
  6.8000000e+002  8.0101561e-001
  6.8400000e+002  8.0372058e-001
  6.8800000e+002  8.0461216e-001
  6.9200000e+002  8.0396758e-001
  6.9600000e+002  8.0476663e-001
  7.0000000e+002  8.0464173e-001
  7.0400000e+002  8.0608473e-001
  7.0800000e+002  8.0631371e-001
  7.1200000e+002  8.0619621e-001
  7.1600000e+002  8.0848896e-001
  7.2000000e+002  8.0806142e-001
  7.2400000e+002  8.0752754e-001
  7.2800000e+002  8.0780209e-001
  7.3200000e+002  8.0955608e-001
  7.3600000e+002  8.1121560e-001
  7.4000000e+002  8.1119611e-001
  7.4400000e+002  8.1311587e-001
  7.4800000e+002  8.1313599e-001
  7.5200000e+002  8.1176784e-001
  7.5600000e+002  8.1242504e-001
  7.6000000e+002  8.1278309e-001
  7.6400000e+002  8.1261402e-001
  7.6800000e+002  8.1146876e-001
  7.7200000e+002  8.1237293e-001
  7.7600000e+002  8.1266067e-001
  7.8000000e+002  8.1363331e-001
