  3.8000000e+002  1.1632945e-001
  3.8400000e+002  1.1365407e-001
  3.8800000e+002  1.1057377e-001
  3.9200000e+002  1.0759158e-001
  3.9600000e+002  1.0523132e-001
  4.0000000e+002  1.0176339e-001
  4.0400000e+002  9.9659601e-002
  4.0800000e+002  9.6986983e-002
  4.1200000e+002  9.5008745e-002
  4.1600000e+002  9.3635117e-002
  4.2000000e+002  9.1189802e-002
  4.2400000e+002  9.0007657e-002
  4.2800000e+002  8.8840764e-002
  4.3200000e+002  8.8165231e-002
  4.3600000e+002  8.8190204e-002
  4.4000000e+002  8.8206570e-002
  4.4400000e+002  8.8270699e-002
  4.4800000e+002  8.9597949e-002
  4.5200000e+002  9.0775368e-002
  4.5600000e+002  9.2446211e-002
  4.6000000e+002  9.4885971e-002
  4.6400000e+002  9.7616800e-002
  4.6800000e+002  1.0074481e-001
  4.7200000e+002  1.0507653e-001
  4.7600000e+002  1.0919540e-001
  4.8000000e+002  1.1357272e-001
  4.8400000e+002  1.1876758e-001
  4.8800000e+002  1.2333556e-001
  4.9200000e+002  1.2851206e-001
  4.9600000e+002  1.3347686e-001
  5.0000000e+002  1.3801086e-001
  5.0400000e+002  1.4294734e-001
  5.0800000e+002  1.4759722e-001
  5.1200000e+002  1.5247256e-001
  5.1600000e+002  1.5742297e-001
  5.2000000e+002  1.6151401e-001
  5.2400000e+002  1.6467101e-001
  5.2800000e+002  1.6689246e-001
  5.3200000e+002  1.6879886e-001
  5.3600000e+002  1.7081244e-001
  5.4000000e+002  1.7438893e-001
  5.4400000e+002  1.7900400e-001
  5.4800000e+002  1.8501437e-001
  5.5200000e+002  1.9466461e-001
  5.5600000e+002  2.0652745e-001
  5.6000000e+002  2.1882724e-001
  5.6400000e+002  2.3261667e-001
  5.6800000e+002  2.4732631e-001
  5.7200000e+002  2.5975334e-001
  5.7600000e+002  2.6978193e-001
  5.8000000e+002  2.7939646e-001
  5.8400000e+002  2.8443978e-001
  5.8800000e+002  2.8770450e-001
  5.9200000e+002  2.8940568e-001
  5.9600000e+002  2.8984112e-001
  6.0000000e+002  2.8975707e-001
  6.0400000e+002  2.8875460e-001
  6.0800000e+002  2.8731836e-001
  6.1200000e+002  2.8675304e-001
  6.1600000e+002  2.8573355e-001
  6.2000000e+002  2.8462392e-001
  6.2400000e+002  2.8354377e-001
  6.2800000e+002  2.8363610e-001
  6.3200000e+002  2.8366223e-001
  6.3600000e+002  2.8384816e-001
  6.4000000e+002  2.8502812e-001
  6.4400000e+002  2.8721884e-001
  6.4800000e+002  2.9041534e-001
  6.5200000e+002  2.9454636e-001
  6.5600000e+002  2.9893278e-001
  6.6000000e+002  3.0396332e-001
  6.6400000e+002  3.0972750e-001
  6.6800000e+002  3.1557257e-001
  6.7200000e+002  3.2068216e-001
  6.7600000e+002  3.2646900e-001
  6.8000000e+002  3.3114538e-001
  6.8400000e+002  3.3842065e-001
  6.8800000e+002  3.4570231e-001
  6.9200000e+002  3.5351962e-001
  6.9600000e+002  3.6214499e-001
  7.0000000e+002  3.7181163e-001
  7.0400000e+002  3.8271254e-001
  7.0800000e+002  3.9717198e-001
  7.1200000e+002  4.1459552e-001
  7.1600000e+002  4.3056027e-001
  7.2000000e+002  4.4584133e-001
  7.2400000e+002  4.6077111e-001
  7.2800000e+002  4.7814780e-001
  7.3200000e+002  4.9427313e-001
  7.3600000e+002  5.1051898e-001
  7.4000000e+002  5.2489569e-001
  7.4400000e+002  5.4067278e-001
  7.4800000e+002  5.5390071e-001
  7.5200000e+002  5.6443024e-001
  7.5600000e+002  5.7375870e-001
  7.6000000e+002  5.8505284e-001
  7.6400000e+002  5.9291113e-001
  7.6800000e+002  5.9940492e-001
  7.7200000e+002  6.0644787e-001
  7.7600000e+002  6.1169666e-001
  7.8000000e+002  6.1722633e-001
