  3.8000000e+002  4.0290407e-001
  3.8400000e+002  4.3207331e-001
  3.8800000e+002  4.4692623e-001
  3.9200000e+002  4.4965493e-001
  3.9600000e+002  4.7490600e-001
  4.0000000e+002  5.4151972e-001
  4.0400000e+002  5.8440353e-001
  4.0800000e+002  6.2205646e-001
  4.1200000e+002  6.3567873e-001
  4.1600000e+002  7.0480110e-001
  4.2000000e+002  7.6813031e-001
  4.2400000e+002  7.2001021e-001
  4.2800000e+002  7.2840764e-001
  4.3200000e+002  7.3694881e-001
  4.3600000e+002  7.7328829e-001
  4.4000000e+002  9.0352175e-001
  4.4400000e+002  9.1089254e-001
  4.4800000e+002  8.4012412e-001
  4.5200000e+002  7.7225131e-001
  4.5600000e+002  7.2708138e-001
  4.6000000e+002  7.1907395e-001
  4.6400000e+002  7.4410099e-001
  4.6800000e+002  7.7045177e-001
  4.7200000e+002  7.9043367e-001
  4.7600000e+002  7.8173691e-001
  4.8000000e+002  7.7378792e-001
  4.8400000e+002  7.8191561e-001
  4.8800000e+002  7.7545030e-001
  4.9200000e+002  7.7158177e-001
  4.9600000e+002  7.6897201e-001
  5.0000000e+002  7.3693740e-001
  5.0400000e+002  7.0955929e-001
  5.0800000e+002  7.2541574e-001
  5.1200000e+002  7.4353069e-001
  5.1600000e+002  7.5322129e-001
  5.2000000e+002  7.6191852e-001
  5.2400000e+002  7.5415763e-001
  5.2800000e+002  7.3892182e-001
  5.3200000e+002  7.4882729e-001
  5.3600000e+002  7.5727182e-001
  5.4000000e+002  7.1152297e-001
  5.4400000e+002  6.6816817e-001
  5.4800000e+002  7.0459890e-001
  5.5200000e+002  7.6109789e-001
  5.5600000e+002  7.5964597e-001
  5.6000000e+002  7.2745201e-001
  5.6400000e+002  6.9786265e-001
  5.6800000e+002  7.0328972e-001
  5.7200000e+002  7.0639315e-001
  5.7600000e+002  7.0853583e-001
  5.8000000e+002  7.4622789e-001
  5.8400000e+002  7.5334558e-001
  5.8800000e+002  7.3146728e-001
  5.9200000e+002  6.9878184e-001
  5.9600000e+002  6.8030814e-001
  6.0000000e+002  7.0661157e-001
  6.0400000e+002  7.3896479e-001
  6.0800000e+002  7.3474240e-001
  6.1200000e+002  7.2303014e-001
  6.1600000e+002  7.2384035e-001
  6.2000000e+002  7.3355537e-001
  6.2400000e+002  7.4436090e-001
  6.2800000e+002  7.6739034e-001
  6.3200000e+002  7.8078629e-001
  6.3600000e+002  7.6486860e-001
  6.4000000e+002  7.4494604e-001
  6.4400000e+002  7.3784195e-001
  6.4800000e+002  7.7204473e-001
  6.5200000e+002  7.9457941e-001
  6.5600000e+002  7.6186684e-001
  6.6000000e+002  7.3811004e-001
  6.6400000e+002  7.4572243e-001
  6.6800000e+002  7.6592279e-001
  6.7200000e+002  7.6943655e-001
  6.7600000e+002  7.7322552e-001
  6.8000000e+002  7.5192778e-001
  6.8400000e+002  7.3576310e-001
  6.8800000e+002  7.8259958e-001
  6.9200000e+002  7.6301195e-001
  6.9600000e+002  6.6911619e-001
  7.0000000e+002  7.0527265e-001
  7.0400000e+002  8.2655672e-001
  7.0800000e+002  9.1647484e-001
  7.1200000e+002  9.1807229e-001
  7.1600000e+002  8.5874363e-001
  7.2000000e+002  7.7415227e-001
  7.2400000e+002  7.2582619e-001
  7.2800000e+002  7.4468760e-001
  7.3200000e+002  8.0176211e-001
  7.3600000e+002  8.4221526e-001
  7.4000000e+002  8.6856745e-001
  7.4400000e+002  8.6952090e-001
  7.4800000e+002  8.1221092e-001
  7.5200000e+002  7.2257721e-001
  7.5600000e+002  6.6634685e-001
  7.6000000e+002  7.0734776e-001
  7.6400000e+002  7.3625228e-001
  7.6800000e+002  7.5574790e-001
  7.7200000e+002  7.8303805e-001
  7.7600000e+002  8.3451157e-001
  7.8000000e+002  8.5728677e-001
