  3.8000000e+002  1.8576529e-001
  3.8400000e+002  2.1777778e-001
  3.8800000e+002  2.6975410e-001
  3.9200000e+002  3.2491594e-001
  3.9600000e+002  3.9349354e-001
  4.0000000e+002  4.8220584e-001
  4.0400000e+002  5.6908556e-001
  4.0800000e+002  6.6344888e-001
  4.1200000e+002  7.2729719e-001
  4.1600000e+002  7.6776406e-001
  4.2000000e+002  7.9929178e-001
  4.2400000e+002  8.1125574e-001
  4.2800000e+002  8.1923567e-001
  4.3200000e+002  8.2336543e-001
  4.3600000e+002  8.2564636e-001
  4.4000000e+002  8.2731577e-001
  4.4400000e+002  8.2824427e-001
  4.4800000e+002  8.2987048e-001
  4.5200000e+002  8.2996759e-001
  4.5600000e+002  8.3091674e-001
  4.6000000e+002  8.3149044e-001
  4.6400000e+002  8.3223218e-001
  4.6800000e+002  8.3284493e-001
  4.7200000e+002  8.3392857e-001
  4.7600000e+002  8.3512133e-001
  4.8000000e+002  8.3510500e-001
  4.8400000e+002  8.3442733e-001
  4.8800000e+002  8.3375584e-001
  4.9200000e+002  8.3471850e-001
  4.9600000e+002  8.3503767e-001
  5.0000000e+002  8.3445422e-001
  5.0400000e+002  8.3508019e-001
  5.0800000e+002  8.3501375e-001
  5.1200000e+002  8.3457526e-001
  5.1600000e+002  8.3515406e-001
  5.2000000e+002  8.3516325e-001
  5.2400000e+002  8.3528561e-001
  5.2800000e+002  8.3530906e-001
  5.3200000e+002  8.3482587e-001
  5.3600000e+002  8.3493337e-001
  5.4000000e+002  8.3615364e-001
  5.4400000e+002  8.3558559e-001
  5.4800000e+002  8.3603345e-001
  5.5200000e+002  8.3489707e-001
  5.5600000e+002  8.3432444e-001
  5.6000000e+002  8.3368393e-001
  5.6400000e+002  8.3445049e-001
  5.6800000e+002  8.3475168e-001
  5.7200000e+002  8.3463378e-001
  5.7600000e+002  8.3439252e-001
  5.8000000e+002  8.3467742e-001
  5.8400000e+002  8.3337707e-001
  5.8800000e+002  8.3269427e-001
  5.9200000e+002  8.3265658e-001
  5.9600000e+002  8.3220992e-001
  6.0000000e+002  8.3195592e-001
  6.0400000e+002  8.3197583e-001
  6.0800000e+002  8.3196830e-001
  6.1200000e+002  8.3236383e-001
  6.1600000e+002  8.3265912e-001
  6.2000000e+002  8.3152928e-001
  6.2400000e+002  8.3047241e-001
  6.2800000e+002  8.3119185e-001
  6.3200000e+002  8.3249197e-001
  6.3600000e+002  8.3218073e-001
  6.4000000e+002  8.3082535e-001
  6.4400000e+002  8.3024316e-001
  6.4800000e+002  8.2971246e-001
  6.5200000e+002  8.2961494e-001
  6.5600000e+002  8.2876712e-001
  6.6000000e+002  8.2701274e-001
  6.6400000e+002  8.2699620e-001
  6.6800000e+002  8.2879948e-001
  6.7200000e+002  8.2828958e-001
  6.7600000e+002  8.2605571e-001
  6.8000000e+002  8.2715817e-001
  6.8400000e+002  8.2611997e-001
  6.8800000e+002  8.2788260e-001
  6.9200000e+002  8.2764505e-001
  6.9600000e+002  8.2581927e-001
  7.0000000e+002  8.2604777e-001
  7.0400000e+002  8.2627239e-001
  7.0800000e+002  8.2637290e-001
  7.1200000e+002  8.2478485e-001
  7.1600000e+002  8.2546689e-001
  7.2000000e+002  8.2373640e-001
  7.2400000e+002  8.2343941e-001
  7.2800000e+002  8.2492864e-001
  7.3200000e+002  8.2344968e-001
  7.3600000e+002  8.2201324e-001
  7.4000000e+002  8.2162726e-001
  7.4400000e+002  8.2364934e-001
  7.4800000e+002  8.2176997e-001
  7.5200000e+002  8.2135250e-001
  7.5600000e+002  8.1986088e-001
  7.6000000e+002  8.2033216e-001
  7.6400000e+002  8.1939015e-001
  7.6800000e+002  8.1904247e-001
  7.7200000e+002  8.1963404e-001
  7.7600000e+002  8.1587404e-001
  7.8000000e+002  8.1766286e-001
