 380.000000 0.020860
 384.000000 0.021640
 388.000000 0.024200
 392.000000 0.028000
 396.000000 0.030320
 400.000000 0.030880
 404.000000 0.032000
 408.000000 0.033870
 412.000000 0.036790
 416.000000 0.036090
 420.000000 0.034940
 424.000000 0.038790
 428.000000 0.038890
 432.000000 0.039080
 436.000000 0.038100
 440.000000 0.033470
 444.000000 0.033750
 448.000000 0.036730
 452.000000 0.039800
 456.000000 0.042420
 460.000000 0.043050
 464.000000 0.042040
 468.000000 0.040610
 472.000000 0.038870
 476.000000 0.038810
 480.000000 0.038270
 484.000000 0.037010
 488.000000 0.037170
 492.000000 0.036980
 496.000000 0.036840
 500.000000 0.038320
 504.000000 0.039250
 508.000000 0.037860
 512.000000 0.036610
 516.000000 0.035400
 520.000000 0.034330
 524.000000 0.034270
 528.000000 0.035120
 532.000000 0.034870
 536.000000 0.034580
 540.000000 0.036870
 544.000000 0.039580
 548.000000 0.037920
 552.000000 0.035390
 556.000000 0.035840
 560.000000 0.037690
 564.000000 0.039180
 568.000000 0.039020
 572.000000 0.039370
 576.000000 0.039760
 580.000000 0.038110
 584.000000 0.037780
 588.000000 0.038780
 592.000000 0.040280
 596.000000 0.041170
 600.000000 0.039570
 604.000000 0.037740
 608.000000 0.037520
 612.000000 0.037510
 616.000000 0.036770
 620.000000 0.035710
 624.000000 0.034960
 628.000000 0.033610
 632.000000 0.032430
 636.000000 0.032270
 640.000000 0.032640
 644.000000 0.032630
 648.000000 0.031020
 652.000000 0.030030
 656.000000 0.031160
 660.000000 0.031950
 664.000000 0.031340
 668.000000 0.030520
 672.000000 0.029720
 676.000000 0.027600
 680.000000 0.026400
 684.000000 0.026120
 688.000000 0.023650
 692.000000 0.023290
 696.000000 0.025020
 700.000000 0.022050
 704.000000 0.017490
 708.000000 0.015130
 712.000000 0.014450
 716.000000 0.014630
 720.000000 0.015530
 724.000000 0.016210
 728.000000 0.015670
 732.000000 0.014650
 736.000000 0.014260
 740.000000 0.014260
 744.000000 0.014660
 748.000000 0.016100
 752.000000 0.018610
 756.000000 0.020650
 760.000000 0.019740
 764.000000 0.019030
 768.000000 0.018350
 772.000000 0.017110
 776.000000 0.015460
 780.000000 0.014780
