  3.8000000e+002  6.3818139e-004
  3.8400000e+002  6.4398625e-004
  3.8800000e+002  6.2971311e-004
  3.9200000e+002  5.9759335e-004
  3.9600000e+002  5.9767860e-004
  4.0000000e+002  6.5020840e-004
  4.0400000e+002  6.7522822e-004
  4.0800000e+002  6.9840573e-004
  4.1200000e+002  6.9891027e-004
  4.1600000e+002  7.6063100e-004
  4.2000000e+002  8.1983003e-004
  4.2400000e+002  7.6710056e-004
  4.2800000e+002  7.8050955e-004
  4.3200000e+002  8.0765332e-004
  4.3600000e+002  8.7267767e-004
  4.4000000e+002  1.0645161e-003
  4.4400000e+002  1.1186142e-003
  4.4800000e+002  1.0820291e-003
  4.5200000e+002  1.0427574e-003
  4.5600000e+002  1.0266604e-003
  4.6000000e+002  1.0666897e-003
  4.6400000e+002  1.1560878e-003
  4.6800000e+002  1.2545788e-003
  4.7200000e+002  1.3677296e-003
  4.7600000e+002  1.4381865e-003
  4.8000000e+002  1.5270936e-003
  4.8400000e+002  1.6948426e-003
  4.8800000e+002  1.8402935e-003
  4.9200000e+002  2.0260054e-003
  4.9600000e+002  2.2602260e-003
  5.0000000e+002  2.4177444e-003
  5.0400000e+002  2.6619523e-003
  5.0800000e+002  3.1190258e-003
  5.1200000e+002  3.6350088e-003
  5.1600000e+002  4.2128852e-003
  5.2000000e+002  4.7674083e-003
  5.2400000e+002  5.1699205e-003
  5.2800000e+002  5.4896980e-003
  5.3200000e+002  5.8422175e-003
  5.3600000e+002  6.0839662e-003
  5.4000000e+002  5.7950577e-003
  5.4400000e+002  5.4041542e-003
  5.4800000e+002  5.5709433e-003
  5.5200000e+002  5.7680997e-003
  5.5600000e+002  5.4515281e-003
  5.6000000e+002  4.9132264e-003
  5.6400000e+002  4.3809283e-003
  5.6800000e+002  4.0708751e-003
  5.7200000e+002  3.7956204e-003
  5.7600000e+002  3.5190031e-003
  5.8000000e+002  3.3662851e-003
  5.8400000e+002  3.1291000e-003
  5.8800000e+002  2.8041922e-003
  5.9200000e+002  2.4707764e-003
  5.9600000e+002  2.2360376e-003
  6.0000000e+002  2.1879539e-003
  6.0400000e+002  2.1689438e-003
  6.0800000e+002  2.0449141e-003
  6.1200000e+002  1.9313855e-003
  6.1600000e+002  1.8666397e-003
  6.2000000e+002  1.8257008e-003
  6.2400000e+002  1.8056462e-003
  6.2800000e+002  1.8232167e-003
  6.3200000e+002  1.8199480e-003
  6.3600000e+002  1.7533426e-003
  6.4000000e+002  1.6979784e-003
  6.4400000e+002  1.6664134e-003
  6.4800000e+002  1.7330671e-003
  6.5200000e+002  1.7701206e-003
  6.5600000e+002  1.6841351e-003
  6.6000000e+002  1.6283805e-003
  6.6400000e+002  1.6332383e-003
  6.6800000e+002  1.6719335e-003
  6.7200000e+002  1.6599231e-003
  6.7600000e+002  1.6645103e-003
  6.8000000e+002  1.6123754e-003
  6.8400000e+002  1.5588459e-003
  6.8800000e+002  1.6306080e-003
  6.9200000e+002  1.5661263e-003
  6.9600000e+002  1.3638530e-003
  7.0000000e+002  1.4238396e-003
  7.0400000e+002  1.6610748e-003
  7.0800000e+002  1.8372246e-003
  7.1200000e+002  1.8519793e-003
  7.1600000e+002  1.7436333e-003
  7.2000000e+002  1.5815739e-003
  7.2400000e+002  1.4957160e-003
  7.2800000e+002  1.5474152e-003
  7.3200000e+002  1.6960352e-003
  7.3600000e+002  1.8237548e-003
  7.4000000e+002  1.9283727e-003
  7.4400000e+002  1.9768943e-003
  7.4800000e+002  1.8905335e-003
  7.5200000e+002  1.7292332e-003
  7.5600000e+002  1.6231710e-003
  7.6000000e+002  1.7624560e-003
  7.6400000e+002  1.8691686e-003
  7.6800000e+002  1.9664593e-003
  7.7200000e+002  2.0970084e-003
  7.7600000e+002  2.3419023e-003
  7.8000000e+002  2.4936199e-003
