  3.8000000e+002  4.1940014e-002
  3.8400000e+002  4.4293242e-002
  3.8800000e+002  4.4897541e-002
  3.9200000e+002  4.3762166e-002
  3.9600000e+002  4.3894066e-002
  4.0000000e+002  4.8044245e-002
  4.0400000e+002  4.9945846e-002
  4.0800000e+002  5.0767881e-002
  4.1200000e+002  5.0343065e-002
  4.1600000e+002  5.3827160e-002
  4.2000000e+002  5.7039660e-002
  4.2400000e+002  5.2271567e-002
  4.2800000e+002  5.2076433e-002
  4.3200000e+002  5.2635580e-002
  4.3600000e+002  5.5891906e-002
  4.4000000e+002  6.6854099e-002
  4.4400000e+002  6.8922490e-002
  4.4800000e+002  6.5812196e-002
  4.5200000e+002  6.3039142e-002
  4.5600000e+002  6.1739944e-002
  4.6000000e+002  6.3648929e-002
  4.6400000e+002  6.8558282e-002
  4.6800000e+002  7.3858364e-002
  4.7200000e+002  8.0114796e-002
  4.7600000e+002  8.3524904e-002
  4.8000000e+002  8.8138450e-002
  4.8400000e+002  9.6865372e-002
  4.8800000e+002  1.0413609e-001
  4.9200000e+002  1.1332440e-001
  4.9600000e+002  1.2397740e-001
  5.0000000e+002  1.2984997e-001
  5.0400000e+002  1.3889380e-001
  5.0800000e+002  1.5820348e-001
  5.1200000e+002  1.7971820e-001
  5.1600000e+002  2.0366947e-001
  5.2000000e+002  2.2614851e-001
  5.2400000e+002  2.4161967e-001
  5.2800000e+002  2.5467118e-001
  5.3200000e+002  2.7242360e-001
  5.3600000e+002  2.8552801e-001
  5.4000000e+002  2.7558421e-001
  5.4400000e+002  2.6263764e-001
  5.4800000e+002  2.7946172e-001
  5.5200000e+002  3.0191850e-001
  5.5600000e+002  2.9857558e-001
  5.6000000e+002  2.8175125e-001
  5.6400000e+002  2.6470216e-001
  5.6800000e+002  2.5898641e-001
  5.7200000e+002  2.5257991e-001
  5.7600000e+002  2.4493458e-001
  5.8000000e+002  2.4644901e-001
  5.8400000e+002  2.3884807e-001
  5.8800000e+002  2.2193252e-001
  5.9200000e+002  2.0131660e-001
  5.9600000e+002  1.8612181e-001
  6.0000000e+002  1.8481092e-001
  6.0400000e+002  1.8470836e-001
  6.0800000e+002  1.7409511e-001
  6.1200000e+002  1.6415918e-001
  6.1600000e+002  1.5724110e-001
  6.2000000e+002  1.5181793e-001
  6.2400000e+002  1.4721237e-001
  6.2800000e+002  1.4581303e-001
  6.3200000e+002  1.4292489e-001
  6.3600000e+002  1.3388658e-001
  6.4000000e+002  1.2583979e-001
  6.4400000e+002  1.2089666e-001
  6.4800000e+002  1.2285942e-001
  6.5200000e+002  1.2336804e-001
  6.5600000e+002  1.1599235e-001
  6.6000000e+002  1.1056885e-001
  6.6400000e+002  1.0958492e-001
  6.6800000e+002  1.1071836e-001
  6.7200000e+002  1.1051664e-001
  6.7600000e+002  1.0957772e-001
  6.8000000e+002  1.0530374e-001
  6.8400000e+002  1.0235383e-001
  6.8800000e+002  1.0823899e-001
  6.9200000e+002  1.0443686e-001
  6.9600000e+002  9.0248262e-002
  7.0000000e+002  9.4231636e-002
  7.0400000e+002  1.0881433e-001
  7.0800000e+002  1.1926998e-001
  7.1200000e+002  1.1803787e-001
  7.1600000e+002  1.0899830e-001
  7.2000000e+002  9.7632758e-002
  7.2400000e+002  9.0728274e-002
  7.2800000e+002  9.2356486e-002
  7.3200000e+002  9.8576754e-002
  7.3600000e+002  1.0188088e-001
  7.4000000e+002  1.0500695e-001
  7.4400000e+002  1.0400951e-001
  7.4800000e+002  9.6885600e-002
  7.5200000e+002  8.5702875e-002
  7.5600000e+002  7.9227633e-002
  7.6000000e+002  8.3417212e-002
  7.6400000e+002  8.6369560e-002
  7.6800000e+002  8.8639437e-002
  7.7200000e+002  9.2070868e-002
  7.7600000e+002  9.8746787e-002
  7.8000000e+002  1.0218267e-001
