  3.8000000e+002  8.8264699e-003
  3.8400000e+002  8.5292096e-003
  3.8800000e+002  7.9610656e-003
  3.9200000e+002  7.0518492e-003
  3.9600000e+002  6.8906327e-003
  4.0000000e+002  6.9365181e-003
  4.0400000e+002  6.6857497e-003
  4.0800000e+002  6.5613573e-003
  4.1200000e+002  6.0460110e-003
  4.1600000e+002  6.2482853e-003
  4.2000000e+002  6.3427762e-003
  4.2400000e+002  5.2616131e-003
  4.2800000e+002  5.1821656e-003
  4.3200000e+002  5.2280791e-003
  4.3600000e+002  5.4462778e-003
  4.4000000e+002  6.3302752e-003
  4.4400000e+002  6.4166177e-003
  4.4800000e+002  5.9781436e-003
  4.5200000e+002  5.3552730e-003
  4.5600000e+002  4.8573433e-003
  4.6000000e+002  4.6533057e-003
  4.6400000e+002  4.8253893e-003
  4.6800000e+002  5.0183150e-003
  4.7200000e+002  5.1989796e-003
  4.7600000e+002  5.1902937e-003
  4.8000000e+002  5.0544465e-003
  4.8400000e+002  5.1882117e-003
  4.8800000e+002  5.1394263e-003
  4.9200000e+002  4.8418231e-003
  4.9600000e+002  4.6353606e-003
  5.0000000e+002  4.3947232e-003
  5.0400000e+002  4.1798207e-003
  5.0800000e+002  4.3367815e-003
  5.1200000e+002  4.5129386e-003
  5.1600000e+002  4.5714286e-003
  5.2000000e+002  4.4698064e-003
  5.2400000e+002  4.5321764e-003
  5.2800000e+002  4.5568727e-003
  5.3200000e+002  4.3184080e-003
  5.3600000e+002  4.2069064e-003
  5.4000000e+002  4.0988450e-003
  5.4400000e+002  4.0590591e-003
  5.4800000e+002  4.3088581e-003
  5.5200000e+002  4.7122252e-003
  5.5600000e+002  4.7310192e-003
  5.6000000e+002  4.5109124e-003
  5.6400000e+002  4.2987227e-003
  5.6800000e+002  4.3541217e-003
  5.7200000e+002  4.5658193e-003
  5.7600000e+002  4.9520249e-003
  5.8000000e+002  5.8610822e-003
  5.8400000e+002  6.4681186e-003
  5.8800000e+002  6.8980061e-003
  5.9200000e+002  7.4283253e-003
  5.9600000e+002  8.0645161e-003
  6.0000000e+002  9.0458302e-003
  6.0400000e+002  1.0136626e-002
  6.0800000e+002  1.0705416e-002
  6.1200000e+002  1.0929402e-002
  6.1600000e+002  1.1235167e-002
  6.2000000e+002  1.1590341e-002
  6.2400000e+002  1.1803093e-002
  6.2800000e+002  1.2088318e-002
  6.3200000e+002  1.2343583e-002
  6.3600000e+002  1.2023974e-002
  6.4000000e+002  1.1927345e-002
  6.4400000e+002  1.1936170e-002
  6.4800000e+002  1.2597444e-002
  6.5200000e+002  1.3154850e-002
  6.5600000e+002  1.2707869e-002
  6.6000000e+002  1.2480572e-002
  6.6400000e+002  1.3154309e-002
  6.6800000e+002  1.3852419e-002
  6.7200000e+002  1.4410634e-002
  6.7600000e+002  1.4984726e-002
  6.8000000e+002  1.5632876e-002
  6.8400000e+002  1.6044039e-002
  6.8800000e+002  1.7997904e-002
  6.9200000e+002  1.8289249e-002
  6.9600000e+002  1.7443893e-002
  7.0000000e+002  1.9112213e-002
  7.0400000e+002  2.4216662e-002
  7.0800000e+002  2.9102269e-002
  7.1200000e+002  3.3101549e-002
  7.1600000e+002  3.5449915e-002
  7.2000000e+002  3.6573896e-002
  7.2400000e+002  3.9602203e-002
  7.2800000e+002  4.7491278e-002
  7.3200000e+002  5.8339546e-002
  7.3600000e+002  7.0114943e-002
  7.4000000e+002  8.3449235e-002
  7.4400000e+002  1.0050968e-001
  7.4800000e+002  1.0699969e-001
  7.5200000e+002  1.0785410e-001
  7.5600000e+002  1.1084193e-001
  7.6000000e+002  1.3115249e-001
  7.6400000e+002  1.4680740e-001
  7.6800000e+002  1.6177982e-001
  7.7200000e+002  1.7958176e-001
  7.7600000e+002  2.0122108e-001
  7.8000000e+002  2.1964406e-001
