  3.8000000e+002  5.2392288e-003
  3.8400000e+002  5.2806415e-003
  3.8800000e+002  5.0676230e-003
  3.9200000e+002  4.7531410e-003
  3.9600000e+002  4.7703122e-003
  4.0000000e+002  4.7611414e-003
  4.0400000e+002  4.8058177e-003
  4.0800000e+002  4.7945005e-003
  4.1200000e+002  4.5190367e-003
  4.1600000e+002  4.7626886e-003
  4.2000000e+002  4.7563739e-003
  4.2400000e+002  4.0735069e-003
  4.2800000e+002  4.0000000e-003
  4.3200000e+002  3.9533705e-003
  4.3600000e+002  4.0457321e-003
  4.4000000e+002  4.5915951e-003
  4.4400000e+002  4.5067528e-003
  4.4800000e+002  3.9516999e-003
  4.5200000e+002  3.3769634e-003
  4.5600000e+002  2.9361553e-003
  4.6000000e+002  2.7217231e-003
  4.6400000e+002  2.6864087e-003
  4.6800000e+002  2.6813187e-003
  4.7200000e+002  2.7244898e-003
  4.7600000e+002  2.6283525e-003
  4.8000000e+002  2.5423905e-003
  4.8400000e+002  2.5883456e-003
  4.8800000e+002  2.5151434e-003
  4.9200000e+002  2.3356568e-003
  4.9600000e+002  2.2894241e-003
  5.0000000e+002  2.2031816e-003
  5.0400000e+002  2.1607526e-003
  5.0800000e+002  2.3235564e-003
  5.1200000e+002  2.5251321e-003
  5.1600000e+002  2.6018207e-003
  5.2000000e+002  2.6732158e-003
  5.2400000e+002  2.7796095e-003
  5.2800000e+002  2.8775049e-003
  5.3200000e+002  2.8017058e-003
  5.3600000e+002  2.8496919e-003
  5.4000000e+002  2.8162772e-003
  5.4400000e+002  2.8465966e-003
  5.4800000e+002  3.1434544e-003
  5.5200000e+002  3.4210895e-003
  5.5600000e+002  3.4808464e-003
  5.6000000e+002  3.3683934e-003
  5.6400000e+002  3.1996965e-003
  5.6800000e+002  3.2833736e-003
  5.7200000e+002  3.3815756e-003
  5.7600000e+002  3.5040498e-003
  5.8000000e+002  3.8215401e-003
  5.8400000e+002  3.8664393e-003
  5.8800000e+002  3.7972904e-003
  5.9200000e+002  3.7258521e-003
  5.9600000e+002  3.7012518e-003
  6.0000000e+002  3.8805409e-003
  6.0400000e+002  4.0712034e-003
  6.0800000e+002  4.0660502e-003
  6.1200000e+002  3.9806980e-003
  6.1600000e+002  4.0075512e-003
  6.2000000e+002  4.1229531e-003
  6.2400000e+002  4.2658533e-003
  6.2800000e+002  4.4867819e-003
  6.3200000e+002  4.6014992e-003
  6.3600000e+002  4.6365453e-003
  6.4000000e+002  4.6998024e-003
  6.4400000e+002  4.7355623e-003
  6.4800000e+002  4.9600639e-003
  6.5200000e+002  5.0718889e-003
  6.5600000e+002  4.8375279e-003
  6.6000000e+002  4.6549580e-003
  6.6400000e+002  4.7338403e-003
  6.6800000e+002  4.8558397e-003
  6.7200000e+002  4.7316502e-003
  6.7600000e+002  4.8319856e-003
  6.8000000e+002  4.8429566e-003
  6.8400000e+002  4.5804860e-003
  6.8800000e+002  4.7148847e-003
  6.9200000e+002  4.5435154e-003
  6.9600000e+002  3.9920556e-003
  7.0000000e+002  4.2471834e-003
  7.0400000e+002  5.1123116e-003
  7.0800000e+002  5.7375863e-003
  7.1200000e+002  5.7345955e-003
  7.1600000e+002  5.3544992e-003
  7.2000000e+002  4.8736404e-003
  7.2400000e+002  4.5667075e-003
  7.2800000e+002  4.6714240e-003
  7.3200000e+002  5.1426635e-003
  7.3600000e+002  5.6196447e-003
  7.4000000e+002  5.8560501e-003
  7.4400000e+002  5.7353041e-003
  7.4800000e+002  5.3669442e-003
  7.5200000e+002  4.7060703e-003
  7.5600000e+002  4.2825618e-003
  7.6000000e+002  4.4267740e-003
  7.6400000e+002  4.6677091e-003
  7.6800000e+002  4.7308629e-003
  7.7200000e+002  4.9616613e-003
  7.7600000e+002  5.7731362e-003
  7.8000000e+002  5.9895903e-003
