  3.8000000e+002  1.2180433e-001
  3.8400000e+002  1.3956472e-001
  3.8800000e+002  1.5106557e-001
  3.9200000e+002  1.5338878e-001
  3.9600000e+002  1.6012751e-001
  4.0000000e+002  1.8326387e-001
  4.0400000e+002  1.9416680e-001
  4.0800000e+002  2.0374433e-001
  4.1200000e+002  2.0457420e-001
  4.1600000e+002  2.2056241e-001
  4.2000000e+002  2.3688385e-001
  4.2400000e+002  2.1814701e-001
  4.2800000e+002  2.1678981e-001
  4.3200000e+002  2.1792955e-001
  4.3600000e+002  2.2924516e-001
  4.4000000e+002  2.7098254e-001
  4.4400000e+002  2.7671756e-001
  4.4800000e+002  2.6165677e-001
  4.5200000e+002  2.4664672e-001
  4.5600000e+002  2.3889149e-001
  4.6000000e+002  2.4326192e-001
  4.6400000e+002  2.5802265e-001
  4.6800000e+002  2.7362637e-001
  4.7200000e+002  2.8852041e-001
  4.7600000e+002  2.9374202e-001
  4.8000000e+002  3.0036298e-001
  4.8400000e+002  3.1721366e-001
  4.8800000e+002  3.2888592e-001
  4.9200000e+002  3.4356568e-001
  4.9600000e+002  3.5939182e-001
  5.0000000e+002  3.6019141e-001
  5.0400000e+002  3.6532390e-001
  5.0800000e+002  3.9361006e-001
  5.1200000e+002  4.2392630e-001
  5.1600000e+002  4.5630252e-001
  5.2000000e+002  4.8483097e-001
  5.2400000e+002  4.9920463e-001
  5.2800000e+002  5.0804403e-001
  5.3200000e+002  5.3176972e-001
  5.3600000e+002  5.4821608e-001
  5.4000000e+002  5.2148805e-001
  5.4400000e+002  4.9211712e-001
  5.4800000e+002  5.2129605e-001
  5.5200000e+002  5.6518695e-001
  5.5600000e+002  5.6299267e-001
  5.6000000e+002  5.3655009e-001
  5.6400000e+002  5.1119261e-001
  5.6800000e+002  5.0831957e-001
  5.7200000e+002  5.0276869e-001
  5.7600000e+002  4.9532710e-001
  5.8000000e+002  5.0988554e-001
  5.8400000e+002  5.0537917e-001
  5.8800000e+002  4.8044479e-001
  5.9200000e+002  4.4752061e-001
  5.9600000e+002  4.2465094e-001
  6.0000000e+002  4.3100426e-001
  6.0400000e+002  4.4075145e-001
  6.0800000e+002  4.2694848e-001
  6.1200000e+002  4.1129032e-001
  6.1600000e+002  4.0291262e-001
  6.2000000e+002  3.9730780e-001
  6.2400000e+002  3.9324727e-001
  6.2800000e+002  3.9654409e-001
  6.3200000e+002  3.9452348e-001
  6.3600000e+002  3.7605655e-001
  6.4000000e+002  3.5902113e-001
  6.4400000e+002  3.4939210e-001
  6.4800000e+002  3.6038339e-001
  6.5200000e+002  3.6622046e-001
  6.5600000e+002  3.4788149e-001
  6.6000000e+002  3.3416226e-001
  6.6400000e+002  3.3365019e-001
  6.6800000e+002  3.3946897e-001
  6.7200000e+002  3.3924093e-001
  6.7600000e+002  3.3884996e-001
  6.8000000e+002  3.2672560e-001
  6.8400000e+002  3.1945710e-001
  6.8800000e+002  3.4054507e-001
  6.9200000e+002  3.2894625e-001
  6.9600000e+002  2.8705065e-001
  7.0000000e+002  2.9997747e-001
  7.0400000e+002  3.4879158e-001
  7.0800000e+002  3.8365669e-001
  7.1200000e+002  3.8024096e-001
  7.1600000e+002  3.5572156e-001
  7.2000000e+002  3.1804223e-001
  7.2400000e+002  2.9736842e-001
  7.2800000e+002  3.0158579e-001
  7.3200000e+002  3.2297526e-001
  7.3600000e+002  3.3608499e-001
  7.4000000e+002  3.4440195e-001
  7.4400000e+002  3.4475025e-001
  7.4800000e+002  3.2038236e-001
  7.5200000e+002  2.8485091e-001
  7.5600000e+002  2.6327657e-001
  7.6000000e+002  2.7981882e-001
  7.6400000e+002  2.8957519e-001
  7.6800000e+002  2.9629429e-001
  7.7200000e+002  3.0548940e-001
  7.7600000e+002  3.2410026e-001
  7.8000000e+002  3.3351242e-001
