  3.8000000e+002  7.4648893e-002
  3.8400000e+002  8.0252005e-002
  3.8800000e+002  8.2479508e-002
  3.9200000e+002  8.1525394e-002
  3.9600000e+002  8.3341507e-002
  4.0000000e+002  9.0830394e-002
  4.0400000e+002  9.5048739e-002
  4.0800000e+002  9.7557408e-002
  4.1200000e+002  9.6582806e-002
  4.1600000e+002  1.0374486e-001
  4.2000000e+002  1.0958924e-001
  4.2400000e+002  1.0077846e-001
  4.2800000e+002  1.0070064e-001
  4.3200000e+002  1.0196401e-001
  4.3600000e+002  1.0783422e-001
  4.4000000e+002  1.2845516e-001
  4.4400000e+002  1.3244275e-001
  4.4800000e+002  1.2584997e-001
  4.5200000e+002  1.1970830e-001
  4.5600000e+002  1.1656922e-001
  4.6000000e+002  1.1970744e-001
  4.6400000e+002  1.2857480e-001
  4.6800000e+002  1.3791209e-001
  4.7200000e+002  1.4832908e-001
  4.7600000e+002  1.5357599e-001
  4.8000000e+002  1.6017630e-001
  4.8400000e+002  1.7362358e-001
  4.8800000e+002  1.8372248e-001
  4.9200000e+002  1.9638070e-001
  4.9600000e+002  2.1089882e-001
  5.0000000e+002  2.1687791e-001
  5.0400000e+002  2.2708675e-001
  5.0800000e+002  2.5295273e-001
  5.1200000e+002  2.8099174e-001
  5.1600000e+002  3.1078431e-001
  5.2000000e+002  3.3848599e-001
  5.2400000e+002  3.5647144e-001
  5.2800000e+002  3.7044877e-001
  5.3200000e+002  3.8990760e-001
  5.3600000e+002  4.0550222e-001
  5.4000000e+002  3.8960516e-001
  5.4400000e+002  3.7074575e-001
  5.4800000e+002  3.9391168e-001
  5.5200000e+002  4.2501050e-001
  5.5600000e+002  4.2110358e-001
  5.6000000e+002  3.9850118e-001
  5.6400000e+002  3.7561654e-001
  5.6800000e+002  3.7050680e-001
  5.7200000e+002  3.6383086e-001
  5.7600000e+002  3.5551402e-001
  5.8000000e+002  3.6108221e-001
  5.8400000e+002  3.5266334e-001
  5.8800000e+002  3.3064928e-001
  5.9200000e+002  3.0392519e-001
  5.9600000e+002  2.8430429e-001
  6.0000000e+002  2.8474831e-001
  6.0400000e+002  2.8691540e-001
  6.0800000e+002  2.7357992e-001
  6.1200000e+002  2.5975674e-001
  6.1600000e+002  2.5118662e-001
  6.2000000e+002  2.4503192e-001
  6.2400000e+002  2.3980706e-001
  6.2800000e+002  2.3944764e-001
  6.3200000e+002  2.3605629e-001
  6.3600000e+002  2.2345167e-001
  6.4000000e+002  2.1197750e-001
  6.4400000e+002  2.0463526e-001
  6.4800000e+002  2.0878594e-001
  6.5200000e+002  2.1087424e-001
  6.5600000e+002  1.9898057e-001
  6.6000000e+002  1.9020827e-001
  6.6400000e+002  1.8949620e-001
  6.6800000e+002  1.9196938e-001
  6.7200000e+002  1.9138940e-001
  6.7600000e+002  1.9031447e-001
  6.8000000e+002  1.8267820e-001
  6.8400000e+002  1.7788535e-001
  6.8800000e+002  1.8763103e-001
  6.9200000e+002  1.8105802e-001
  6.9600000e+002  1.5741807e-001
  7.0000000e+002  1.6455611e-001
  7.0400000e+002  1.9075917e-001
  7.0800000e+002  2.0897731e-001
  7.1200000e+002  2.0784854e-001
  7.1600000e+002  1.9283531e-001
  7.2000000e+002  1.7312860e-001
  7.2400000e+002  1.6015912e-001
  7.2800000e+002  1.6257533e-001
  7.3200000e+002  1.7366994e-001
  7.3600000e+002  1.8087774e-001
  7.4000000e+002  1.8553547e-001
  7.4400000e+002  1.8583078e-001
  7.4800000e+002  1.7224792e-001
  7.5200000e+002  1.5287540e-001
  7.5600000e+002  1.4022547e-001
  7.6000000e+002  1.4791142e-001
  7.6400000e+002  1.5402658e-001
  7.6800000e+002  1.5791182e-001
  7.7200000e+002  1.6305547e-001
  7.7600000e+002  1.7448586e-001
  7.8000000e+002  1.8065816e-001
