  3.8000000e+002  2.2182814e-001
  3.8400000e+002  2.6087056e-001
  3.8800000e+002  3.0120902e-001
  3.9200000e+002  3.2994160e-001
  3.9600000e+002  3.7616479e-001
  4.0000000e+002  4.5399166e-001
  4.0400000e+002  5.0704007e-001
  4.0800000e+002  5.5682317e-001
  4.1200000e+002  5.7863581e-001
  4.1600000e+002  6.4842250e-001
  4.2000000e+002  7.1133144e-001
  4.2400000e+002  6.6539051e-001
  4.2800000e+002  6.6993631e-001
  4.3200000e+002  6.7625443e-001
  4.3600000e+002  7.0975705e-001
  4.4000000e+002  8.2953537e-001
  4.4400000e+002  8.3837346e-001
  4.4800000e+002  7.7684835e-001
  4.5200000e+002  7.1740214e-001
  4.5600000e+002  6.7925631e-001
  4.6000000e+002  6.7657222e-001
  4.6400000e+002  7.0457763e-001
  4.6800000e+002  7.3260073e-001
  4.7200000e+002  7.5369898e-001
  4.7600000e+002  7.4725415e-001
  4.8000000e+002  7.4215712e-001
  4.8400000e+002  7.5472204e-001
  4.8800000e+002  7.5236825e-001
  4.9200000e+002  7.5187668e-001
  4.9600000e+002  7.5309473e-001
  5.0000000e+002  7.2413347e-001
  5.0400000e+002  6.9996212e-001
  5.0800000e+002  7.1834490e-001
  5.1200000e+002  7.3946620e-001
  5.1600000e+002  7.5406162e-001
  5.2000000e+002  7.6553019e-001
  5.2400000e+002  7.6182213e-001
  5.2800000e+002  7.5148180e-001
  5.3200000e+002  7.6346837e-001
  5.3600000e+002  7.7374982e-001
  5.4000000e+002  7.2763900e-001
  5.4400000e+002  6.8455956e-001
  5.4800000e+002  7.2328194e-001
  5.5200000e+002  7.8210335e-001
  5.5600000e+002  7.8191122e-001
  5.6000000e+002  7.4967131e-001
  5.6400000e+002  7.1835083e-001
  5.6800000e+002  7.2323130e-001
  5.7200000e+002  7.2564812e-001
  5.7600000e+002  7.2760125e-001
  5.8000000e+002  7.6612903e-001
  5.8400000e+002  7.7276305e-001
  5.8800000e+002  7.4910532e-001
  5.9200000e+002  7.1342439e-001
  5.9600000e+002  6.9186326e-001
  6.0000000e+002  7.1575257e-001
  6.0400000e+002  7.4540200e-001
  6.0800000e+002  7.3817701e-001
  6.1200000e+002  7.2316235e-001
  6.1600000e+002  7.2060410e-001
  6.2000000e+002  7.2564530e-001
  6.2400000e+002  7.3258618e-001
  6.2800000e+002  7.5203072e-001
  6.3200000e+002  7.6151140e-001
  6.3600000e+002  7.4197019e-001
  6.4000000e+002  7.2077823e-001
  6.4400000e+002  7.1215805e-001
  6.4800000e+002  7.4233227e-001
  6.5200000e+002  7.6169228e-001
  6.5600000e+002  7.2937241e-001
  6.6000000e+002  7.0469381e-001
  6.6400000e+002  7.1055133e-001
  6.6800000e+002  7.2845740e-001
  6.7200000e+002  7.2997826e-001
  6.7600000e+002  7.3315364e-001
  6.8000000e+002  7.1092721e-001
  6.8400000e+002  6.9646925e-001
  6.8800000e+002  7.4088050e-001
  6.9200000e+002  7.1992321e-001
  6.9600000e+002  6.2979146e-001
  7.0000000e+002  6.6020730e-001
  7.0400000e+002  7.7253341e-001
  7.0800000e+002  8.5498191e-001
  7.1200000e+002  8.5301205e-001
  7.1600000e+002  7.9932088e-001
  7.2000000e+002  7.2104926e-001
  7.2400000e+002  6.7564259e-001
  7.2800000e+002  6.9172217e-001
  7.3200000e+002  7.4381566e-001
  7.3600000e+002  7.8230582e-001
  7.4000000e+002  8.0528512e-001
  7.4400000e+002  8.0801903e-001
  7.4800000e+002  7.5423990e-001
  7.5200000e+002  6.7066028e-001
  7.5600000e+002  6.1981290e-001
  7.6000000e+002  6.5576246e-001
  7.6400000e+002  6.8126140e-001
  7.6800000e+002  6.9759264e-001
  7.7200000e+002  7.2204473e-001
  7.7600000e+002  7.6863753e-001
  7.8000000e+002  7.8979181e-001
