  3.8000000e+002  1.0540348e-002
  3.8400000e+002  1.0971363e-002
  3.8800000e+002  1.0944672e-002
  3.9200000e+002  1.0667139e-002
  3.9600000e+002  1.0928560e-002
  4.0000000e+002  1.1899647e-002
  4.0400000e+002  1.2701532e-002
  4.0800000e+002  1.3463507e-002
  4.1200000e+002  1.3854433e-002
  4.1600000e+002  1.5665295e-002
  4.2000000e+002  1.7682720e-002
  4.2400000e+002  1.7169474e-002
  4.2800000e+002  1.8361783e-002
  4.3200000e+002  1.9822605e-002
  4.3600000e+002  2.2238534e-002
  4.4000000e+002  2.7851435e-002
  4.4400000e+002  2.9653553e-002
  4.4800000e+002  2.8804641e-002
  4.5200000e+002  2.7661431e-002
  4.5600000e+002  2.6847521e-002
  4.6000000e+002  2.7171159e-002
  4.6400000e+002  2.8504011e-002
  4.6800000e+002  2.9829060e-002
  4.7200000e+002  3.0956633e-002
  4.7600000e+002  3.0983397e-002
  4.8000000e+002  3.1164117e-002
  4.8400000e+002  3.2230409e-002
  4.8800000e+002  3.2688459e-002
  4.9200000e+002  3.3324397e-002
  4.9600000e+002  3.3988159e-002
  5.0000000e+002  3.3225556e-002
  5.0400000e+002  3.2655638e-002
  5.0800000e+002  3.4031688e-002
  5.1200000e+002  3.5415255e-002
  5.1600000e+002  3.6386555e-002
  5.2000000e+002  3.7026871e-002
  5.2400000e+002  3.6572668e-002
  5.2800000e+002  3.5464296e-002
  5.3200000e+002  3.5366027e-002
  5.3600000e+002  3.5019344e-002
  5.4000000e+002  3.1882890e-002
  5.4400000e+002  2.8853854e-002
  5.4800000e+002  2.9239613e-002
  5.5200000e+002  3.0079821e-002
  5.5600000e+002  2.8585258e-002
  5.6000000e+002  2.6100447e-002
  5.6400000e+002  2.3761224e-002
  5.6800000e+002  2.2775308e-002
  5.7200000e+002  2.1897810e-002
  5.7600000e+002  2.1026791e-002
  5.8000000e+002  2.0987253e-002
  5.8400000e+002  2.0215167e-002
  5.8800000e+002  1.8781953e-002
  5.9200000e+002  1.7128092e-002
  5.9600000e+002  1.5956909e-002
  6.0000000e+002  1.5949161e-002
  6.0400000e+002  1.6041776e-002
  6.0800000e+002  1.5311757e-002
  6.1200000e+002  1.4518773e-002
  6.1600000e+002  1.4068231e-002
  6.2000000e+002  1.3762143e-002
  6.2400000e+002  1.3559370e-002
  6.2800000e+002  1.3640526e-002
  6.3200000e+002  1.3500076e-002
  6.3600000e+002  1.2946058e-002
  6.4000000e+002  1.2403101e-002
  6.4400000e+002  1.2062310e-002
  6.4800000e+002  1.2340256e-002
  6.5200000e+002  1.2412824e-002
  6.5600000e+002  1.1697993e-002
  6.6000000e+002  1.1108175e-002
  6.6400000e+002  1.1080482e-002
  6.6800000e+002  1.1123962e-002
  6.7200000e+002  1.0911219e-002
  6.7600000e+002  1.0889488e-002
  6.8000000e+002  1.0601843e-002
  6.8400000e+002  1.0077828e-002
  6.8800000e+002  1.0438155e-002
  6.9200000e+002  1.0006399e-002
  6.9600000e+002  8.6991063e-003
  7.0000000e+002  9.0739072e-003
  7.0400000e+002  1.0676713e-002
  7.0800000e+002  1.1736271e-002
  7.1200000e+002  1.1717728e-002
  7.1600000e+002  1.0896435e-002
  7.2000000e+002  9.7920665e-003
  7.2400000e+002  9.1554468e-003
  7.2800000e+002  9.3181097e-003
  7.3200000e+002  1.0152491e-002
  7.3600000e+002  1.0860327e-002
  7.4000000e+002  1.1150904e-002
  7.4400000e+002  1.1049949e-002
  7.4800000e+002  1.0308356e-002
  7.5200000e+002  9.0734824e-003
  7.5600000e+002  8.3593188e-003
  7.6000000e+002  8.7166583e-003
  7.6400000e+002  9.0878290e-003
  7.6800000e+002  9.2453341e-003
  7.7200000e+002  9.6776067e-003
  7.7600000e+002  1.0893316e-002
  7.8000000e+002  1.1218939e-002
