  3.8000000e+002  7.4720305e-003
  3.8400000e+002  6.8041237e-003
  3.8800000e+002  5.8811475e-003
  3.9200000e+002  5.1955406e-003
  3.9600000e+002  5.0465915e-003
  4.0000000e+002  4.8204553e-003
  4.0400000e+002  4.6851307e-003
  4.0800000e+002  4.5736434e-003
  4.1200000e+002  4.2217140e-003
  4.1600000e+002  4.5020576e-003
  4.2000000e+002  4.4575071e-003
  4.2400000e+002  3.7659520e-003
  4.2800000e+002  3.7668790e-003
  4.3200000e+002  3.8000507e-003
  4.3600000e+002  3.9989606e-003
  4.4000000e+002  4.6922166e-003
  4.4400000e+002  4.8032883e-003
  4.4800000e+002  4.3820831e-003
  4.5200000e+002  3.9179756e-003
  4.5600000e+002  3.5371843e-003
  4.6000000e+002  3.4416033e-003
  4.6400000e+002  3.5535630e-003
  4.6800000e+002  3.7045177e-003
  4.7200000e+002  3.9566327e-003
  4.7600000e+002  3.9016603e-003
  4.8000000e+002  3.9032927e-003
  4.8400000e+002  4.0294709e-003
  4.8800000e+002  3.9159440e-003
  4.9200000e+002  3.7131367e-003
  4.9600000e+002  3.6046825e-003
  5.0000000e+002  3.4596482e-003
  5.0400000e+002  3.4069958e-003
  5.0800000e+002  3.5956527e-003
  5.1200000e+002  3.8002981e-003
  5.1600000e+002  3.8851541e-003
  5.2000000e+002  3.8847154e-003
  5.2400000e+002  3.9609544e-003
  5.2800000e+002  4.0445950e-003
  5.3200000e+002  3.9019190e-003
  5.3600000e+002  3.9117352e-003
  5.4000000e+002  3.7550363e-003
  5.4400000e+002  3.7562563e-003
  5.4800000e+002  4.1546904e-003
  5.5200000e+002  4.4251505e-003
  5.5600000e+002  4.5069838e-003
  5.6000000e+002  4.3728635e-003
  5.6400000e+002  4.2354875e-003
  5.6800000e+002  4.4684364e-003
  5.7200000e+002  4.7822804e-003
  5.7600000e+002  5.2087227e-003
  5.8000000e+002  6.3878772e-003
  5.8400000e+002  7.4075046e-003
  5.8800000e+002  8.5518916e-003
  5.9200000e+002  1.0442968e-002
  5.9600000e+002  1.3284786e-002
  6.0000000e+002  1.8135487e-002
  6.0400000e+002  2.4984235e-002
  6.0800000e+002  3.4187583e-002
  6.1200000e+002  4.4050767e-002
  6.1600000e+002  5.6593851e-002
  6.2000000e+002  7.3522065e-002
  6.2400000e+002  9.2807490e-002
  6.2800000e+002  1.1503471e-001
  6.3200000e+002  1.3850390e-001
  6.3600000e+002  1.5999693e-001
  6.4000000e+002  1.7470740e-001
  6.4400000e+002  1.9068389e-001
  6.4800000e+002  2.1626198e-001
  6.5200000e+002  2.3682036e-001
  6.5600000e+002  2.3650844e-001
  6.6000000e+002  2.3612061e-001
  6.6400000e+002  2.4352028e-001
  6.6800000e+002  2.5284248e-001
  6.7200000e+002  2.5723123e-001
  6.7600000e+002  2.5915544e-001
  6.8000000e+002  2.5258604e-001
  6.8400000e+002  2.5237282e-001
  6.8800000e+002  2.7475891e-001
  6.9200000e+002  2.7271758e-001
  6.9600000e+002  2.4311817e-001
  7.0000000e+002  2.5732312e-001
  7.0400000e+002  3.0000000e-001
  7.0800000e+002  3.2772114e-001
  7.1200000e+002  3.2247849e-001
  7.1600000e+002  3.0251273e-001
  7.2000000e+002  2.7648752e-001
  7.2400000e+002  2.6288250e-001
  7.2800000e+002  2.7209007e-001
  7.3200000e+002  2.9027448e-001
  7.3600000e+002  2.9940787e-001
  7.4000000e+002  3.0180807e-001
  7.4400000e+002  3.0254842e-001
  7.4800000e+002  2.8387296e-001
  7.5200000e+002  2.5673589e-001
  7.5600000e+002  2.4142480e-001
  7.6000000e+002  2.6044288e-001
  7.6400000e+002  2.7036747e-001
  7.6800000e+002  2.7522315e-001
  7.7200000e+002  2.8260238e-001
  7.7600000e+002  2.9321979e-001
  7.8000000e+002  2.9456011e-001
