  3.8000000e+002  1.0104737e-002
  3.8400000e+002  1.0558992e-002
  3.8800000e+002  1.0555328e-002
  3.9200000e+002  1.0261901e-002
  3.9600000e+002  1.0554193e-002
  4.0000000e+002  1.1825906e-002
  4.0400000e+002  1.2669039e-002
  4.0800000e+002  1.3637560e-002
  4.1200000e+002  1.4210951e-002
  4.1600000e+002  1.6212620e-002
  4.2000000e+002  1.8559490e-002
  4.2400000e+002  1.8172537e-002
  4.2800000e+002  1.9487898e-002
  4.3200000e+002  2.1165737e-002
  4.3600000e+002  2.3833961e-002
  4.4000000e+002  3.0023676e-002
  4.4400000e+002  3.2134469e-002
  4.4800000e+002  3.1462493e-002
  4.5200000e+002  3.0391424e-002
  4.5600000e+002  2.9747428e-002
  4.6000000e+002  3.0292559e-002
  4.6400000e+002  3.2055215e-002
  4.6800000e+002  3.3785104e-002
  4.7200000e+002  3.5484694e-002
  4.7600000e+002  3.6002554e-002
  4.8000000e+002  3.6842105e-002
  4.8400000e+002  3.9008707e-002
  4.8800000e+002  4.0573716e-002
  4.9200000e+002  4.2506702e-002
  4.9600000e+002  4.4631324e-002
  5.0000000e+002  4.4917227e-002
  5.0400000e+002  4.5813865e-002
  5.0800000e+002  4.9548252e-002
  5.1200000e+002  5.3597074e-002
  5.1600000e+002  5.7745098e-002
  5.2000000e+002  6.1369546e-002
  5.2400000e+002  6.3152567e-002
  5.2800000e+002  6.4069997e-002
  5.3200000e+002  6.6467662e-002
  5.3600000e+002  6.7889382e-002
  5.4000000e+002  6.3712060e-002
  5.4400000e+002  5.9109109e-002
  5.4800000e+002  6.1235955e-002
  5.5200000e+002  6.4402745e-002
  5.5600000e+002  6.2052275e-002
  5.6000000e+002  5.7231133e-002
  5.6400000e+002  5.2561022e-002
  5.6800000e+002  5.0425505e-002
  5.7200000e+002  4.8426881e-002
  5.7600000e+002  4.6280374e-002
  5.8000000e+002  4.5889698e-002
  5.8400000e+002  4.3977959e-002
  5.8800000e+002  4.0541922e-002
  5.9200000e+002  3.6581764e-002
  5.9600000e+002  3.3714492e-002
  6.0000000e+002  3.3370899e-002
  6.0400000e+002  3.3355229e-002
  6.0800000e+002  3.1479524e-002
  6.1200000e+002  2.9680063e-002
  6.1600000e+002  2.8478964e-002
  6.2000000e+002  2.7529836e-002
  6.2400000e+002  2.6789616e-002
  6.2800000e+002  2.6616453e-002
  6.3200000e+002  2.6149610e-002
  6.3600000e+002  2.4435224e-002
  6.4000000e+002  2.2998936e-002
  6.4400000e+002  2.1995441e-002
  6.4800000e+002  2.2322684e-002
  6.5200000e+002  2.2378119e-002
  6.5600000e+002  2.0957311e-002
  6.6000000e+002  1.9849238e-002
  6.6400000e+002  1.9581749e-002
  6.6800000e+002  1.9732856e-002
  6.7200000e+002  1.9588698e-002
  6.7600000e+002  1.9342318e-002
  6.8000000e+002  1.8378785e-002
  6.8400000e+002  1.7771450e-002
  6.8800000e+002  1.8633124e-002
  6.9200000e+002  1.7892491e-002
  6.9600000e+002  1.5545184e-002
  7.0000000e+002  1.6126634e-002
  7.0400000e+002  1.8677850e-002
  7.0800000e+002  2.0361723e-002
  7.1200000e+002  2.0289157e-002
  7.1600000e+002  1.8947368e-002
  7.2000000e+002  1.6893794e-002
  7.2400000e+002  1.5712974e-002
  7.2800000e+002  1.6127498e-002
  7.3200000e+002  1.7275500e-002
  7.3600000e+002  1.8143504e-002
  7.4000000e+002  1.8786509e-002
  7.4400000e+002  1.8630649e-002
  7.4800000e+002  1.7459143e-002
  7.5200000e+002  1.5588392e-002
  7.5600000e+002  1.4415927e-002
  7.6000000e+002  1.5264217e-002
  7.6400000e+002  1.5882200e-002
  7.6800000e+002  1.6207736e-002
  7.7200000e+002  1.6935812e-002
  7.7600000e+002  1.8036632e-002
  7.8000000e+002  1.8770987e-002
