  3.8000000e+002  1.8766960e-002
  3.8400000e+002  1.8185567e-002
  3.8800000e+002  1.6694672e-002
  3.9200000e+002  1.4845160e-002
  3.9600000e+002  1.3722413e-002
  4.0000000e+002  1.3289516e-002
  4.0400000e+002  1.2754139e-002
  4.0800000e+002  1.2069621e-002
  4.1200000e+002  1.1097807e-002
  4.1600000e+002  1.1257888e-002
  4.2000000e+002  1.1094901e-002
  4.2400000e+002  9.6133231e-003
  4.2800000e+002  9.2318471e-003
  4.3200000e+002  9.0509377e-003
  4.3600000e+002  9.4673249e-003
  4.4000000e+002  1.1022492e-002
  4.4400000e+002  1.1208162e-002
  4.4800000e+002  1.0487048e-002
  4.5200000e+002  9.7893293e-003
  4.5600000e+002  9.3323199e-003
  4.6000000e+002  9.4206404e-003
  4.6400000e+002  9.9103351e-003
  4.6800000e+002  1.0451770e-002
  4.7200000e+002  1.1000000e-002
  4.7600000e+002  1.0948914e-002
  4.8000000e+002  1.0887996e-002
  4.8400000e+002  1.1050234e-002
  4.8800000e+002  1.0988659e-002
  4.9200000e+002  1.0806971e-002
  4.9600000e+002  1.0582616e-002
  5.0000000e+002  9.9042938e-003
  5.0400000e+002  9.3143074e-003
  5.0800000e+002  9.3217232e-003
  5.1200000e+002  9.2196179e-003
  5.1600000e+002  8.9663866e-003
  5.2000000e+002  8.6087836e-003
  5.2400000e+002  8.2313811e-003
  5.2800000e+002  7.8041208e-003
  5.3200000e+002  7.4712154e-003
  5.3600000e+002  7.3076372e-003
  5.4000000e+002  6.6263766e-003
  5.4400000e+002  6.2049550e-003
  5.4800000e+002  6.3404756e-003
  5.5200000e+002  6.5397003e-003
  5.5600000e+002  6.3117135e-003
  5.6000000e+002  5.8677360e-003
  5.6400000e+002  5.4458075e-003
  5.6800000e+002  5.4667852e-003
  5.7200000e+002  5.5021394e-003
  5.7600000e+002  5.6473520e-003
  5.8000000e+002  6.1368366e-003
  5.8400000e+002  6.3119916e-003
  5.8800000e+002  6.1809816e-003
  5.9200000e+002  6.1018826e-003
  5.9600000e+002  6.0399615e-003
  6.0000000e+002  6.2647132e-003
  6.0400000e+002  6.5265370e-003
  6.0800000e+002  6.4240423e-003
  6.1200000e+002  6.1753041e-003
  6.1600000e+002  6.0854908e-003
  6.2000000e+002  6.2087150e-003
  6.2400000e+002  6.3441623e-003
  6.2800000e+002  6.5455620e-003
  6.3200000e+002  6.6406609e-003
  6.3600000e+002  6.6774243e-003
  6.4000000e+002  6.8399453e-003
  6.4400000e+002  6.9407295e-003
  6.4800000e+002  7.3466454e-003
  6.5200000e+002  7.7722690e-003
  6.5600000e+002  7.5469895e-003
  6.6000000e+002  7.3748834e-003
  6.6400000e+002  7.8659696e-003
  6.6800000e+002  8.4313406e-003
  6.7200000e+002  8.6540712e-003
  6.7600000e+002  9.5615454e-003
  6.8000000e+002  9.7761896e-003
  6.8400000e+002  1.0113895e-002
  6.8800000e+002  1.1465409e-002
  6.9200000e+002  1.2096843e-002
  6.9600000e+002  1.1207547e-002
  7.0000000e+002  1.2435782e-002
  7.0400000e+002  1.5945408e-002
  7.0800000e+002  1.9805985e-002
  7.1200000e+002  2.2561102e-002
  7.1600000e+002  2.4573854e-002
  7.2000000e+002  2.5665387e-002
  7.2400000e+002  2.7729498e-002
  7.2800000e+002  3.3599746e-002
  7.3200000e+002  4.2019654e-002
  7.3600000e+002  5.0898642e-002
  7.4000000e+002  6.1529903e-002
  7.4400000e+002  7.4108053e-002
  7.4800000e+002  7.8445883e-002
  7.5200000e+002  7.8993610e-002
  7.5600000e+002  8.1410410e-002
  7.6000000e+002  9.6376447e-002
  7.6400000e+002  1.0888715e-001
  7.6800000e+002  1.2177441e-001
  7.7200000e+002  1.3723497e-001
  7.7600000e+002  1.5723008e-001
  7.8000000e+002  1.7736736e-001
