  3.8000000e+002  8.5479648e-003
  3.8400000e+002  8.9690722e-003
  3.8800000e+002  8.9897541e-003
  3.9200000e+002  8.7471244e-003
  3.9600000e+002  9.0322053e-003
  4.0000000e+002  9.8076307e-003
  4.0400000e+002  1.0444066e-002
  4.0800000e+002  1.1079421e-002
  4.1200000e+002  1.1364187e-002
  4.1600000e+002  1.2824417e-002
  4.2000000e+002  1.4338527e-002
  4.2400000e+002  1.3813170e-002
  4.2800000e+002  1.4668790e-002
  4.3200000e+002  1.5708312e-002
  4.3600000e+002  1.7404183e-002
  4.4000000e+002  2.1617342e-002
  4.4400000e+002  2.2793600e-002
  4.4800000e+002  2.1864544e-002
  4.5200000e+002  2.0708053e-002
  4.5600000e+002  1.9856174e-002
  4.6000000e+002  1.9841050e-002
  4.6400000e+002  2.0592261e-002
  4.6800000e+002  2.1289377e-002
  4.7200000e+002  2.1720663e-002
  4.7600000e+002  2.1402299e-002
  4.8000000e+002  2.1079855e-002
  4.8400000e+002  2.1252512e-002
  4.8800000e+002  2.1059373e-002
  4.9200000e+002  2.0896783e-002
  4.9600000e+002  2.0722551e-002
  5.0000000e+002  1.9769788e-002
  5.0400000e+002  1.8893800e-002
  5.0800000e+002  1.9148880e-002
  5.1200000e+002  1.9409294e-002
  5.1600000e+002  1.9305322e-002
  5.2000000e+002  1.9115862e-002
  5.2400000e+002  1.8517715e-002
  5.2800000e+002  1.7639006e-002
  5.3200000e+002  1.7232409e-002
  5.3600000e+002  1.6867746e-002
  5.4000000e+002  1.5264572e-002
  5.4400000e+002  1.3846346e-002
  5.4800000e+002  1.4056702e-002
  5.5200000e+002  1.4489567e-002
  5.5600000e+002  1.3866685e-002
  5.6000000e+002  1.2760978e-002
  5.6400000e+002  1.1698495e-002
  5.6800000e+002  1.1332402e-002
  5.7200000e+002  1.1048326e-002
  5.7600000e+002  1.0788785e-002
  5.8000000e+002  1.1009365e-002
  5.8400000e+002  1.0755707e-002
  5.8800000e+002  1.0144427e-002
  5.9200000e+002  9.4425987e-003
  5.9600000e+002  8.9419836e-003
  6.0000000e+002  9.0508390e-003
  6.0400000e+002  9.2433001e-003
  6.0800000e+002  8.9603699e-003
  6.1200000e+002  8.6158117e-003
  6.1600000e+002  8.4681769e-003
  6.2000000e+002  8.4221482e-003
  6.2400000e+002  8.4210526e-003
  6.2800000e+002  8.6102496e-003
  6.3200000e+002  8.6476977e-003
  6.3600000e+002  8.4109421e-003
  6.4000000e+002  8.2124943e-003
  6.4400000e+002  8.0577508e-003
  6.4800000e+002  8.2683706e-003
  6.5200000e+002  8.3820856e-003
  6.5600000e+002  7.9229054e-003
  6.6000000e+002  7.5784893e-003
  6.6400000e+002  7.6251584e-003
  6.6800000e+002  7.7569637e-003
  6.7200000e+002  7.6308310e-003
  6.7600000e+002  7.7448338e-003
  6.8000000e+002  7.6735001e-003
  6.8400000e+002  7.2570235e-003
  6.8800000e+002  7.5303983e-003
  6.9200000e+002  7.2248294e-003
  6.9600000e+002  6.2879841e-003
  7.0000000e+002  6.6629112e-003
  7.0400000e+002  7.8760307e-003
  7.0800000e+002  8.6155870e-003
  7.1200000e+002  8.6643718e-003
  7.1600000e+002  8.1188455e-003
  7.2000000e+002  7.2264875e-003
  7.2400000e+002  6.6646267e-003
  7.2800000e+002  6.7935300e-003
  7.3200000e+002  7.4076584e-003
  7.3600000e+002  8.0390108e-003
  7.4000000e+002  8.2823366e-003
  7.4400000e+002  8.2229018e-003
  7.4800000e+002  7.6379895e-003
  7.5200000e+002  6.7066028e-003
  7.5600000e+002  6.1573519e-003
  7.6000000e+002  6.4141922e-003
  7.6400000e+002  6.7318217e-003
  7.6800000e+002  6.9326481e-003
  7.7200000e+002  7.3918095e-003
  7.7600000e+002  8.3001285e-003
  7.8000000e+002  8.4855608e-003
