  3.8000000e+002  3.5222566e-002
  3.8400000e+002  3.4577320e-002
  3.8800000e+002  3.0918033e-002
  3.9200000e+002  2.6929747e-002
  3.9600000e+002  2.4075527e-002
  4.0000000e+002  2.3020199e-002
  4.0400000e+002  2.1725205e-002
  4.0800000e+002  1.9726488e-002
  4.1200000e+002  1.7755953e-002
  4.1600000e+002  1.7582990e-002
  4.2000000e+002  1.7022663e-002
  4.2400000e+002  1.4966820e-002
  4.2800000e+002  1.4430573e-002
  4.3200000e+002  1.4337304e-002
  4.3600000e+002  1.5130570e-002
  4.4000000e+002  1.8484759e-002
  4.4400000e+002  1.9577217e-002
  4.4800000e+002  1.9472477e-002
  4.5200000e+002  1.9508851e-002
  4.5600000e+002  1.9988307e-002
  4.6000000e+002  2.1689703e-002
  4.6400000e+002  2.4410099e-002
  4.6800000e+002  2.7521368e-002
  4.7200000e+002  3.1403061e-002
  4.7600000e+002  3.4278416e-002
  4.8000000e+002  3.7684729e-002
  4.8400000e+002  4.2893503e-002
  4.8800000e+002  4.7111408e-002
  4.9200000e+002  5.1621984e-002
  4.9600000e+002  5.5314855e-002
  5.0000000e+002  5.5703570e-002
  5.0400000e+002  5.5562571e-002
  5.0800000e+002  5.7483305e-002
  5.1200000e+002  5.8203495e-002
  5.1600000e+002  5.6820728e-002
  5.2000000e+002  5.3900607e-002
  5.2400000e+002  4.8908171e-002
  5.2800000e+002  4.2365227e-002
  5.3200000e+002  3.7867804e-002
  5.3600000e+002  3.3715432e-002
  5.4000000e+002  2.7142090e-002
  5.4400000e+002  2.1763013e-002
  5.4800000e+002  1.9626339e-002
  5.5200000e+002  1.7749615e-002
  5.5600000e+002  1.5264832e-002
  5.6000000e+002  1.2763608e-002
  5.6400000e+002  1.0583028e-002
  5.6800000e+002  9.5541725e-003
  5.7200000e+002  8.7704505e-003
  5.7600000e+002  8.0573209e-003
  5.8000000e+002  7.7120187e-003
  5.8400000e+002  7.2369457e-003
  5.8800000e+002  6.6270450e-003
  5.9200000e+002  5.9997539e-003
  5.9600000e+002  5.5597015e-003
  6.0000000e+002  5.5497120e-003
  6.0400000e+002  5.6292696e-003
  6.0800000e+002  5.4200793e-003
  6.1200000e+002  5.2392914e-003
  6.1600000e+002  5.1550701e-003
  6.2000000e+002  5.2289759e-003
  6.2400000e+002  5.3823237e-003
  6.2800000e+002  5.6225078e-003
  6.3200000e+002  5.8681352e-003
  6.3600000e+002  5.8429384e-003
  6.4000000e+002  5.8960328e-003
  6.4400000e+002  6.0197568e-003
  6.4800000e+002  6.3642173e-003
  6.5200000e+002  6.7625186e-003
  6.5600000e+002  6.7234788e-003
  6.6000000e+002  6.7842711e-003
  6.6400000e+002  7.2195817e-003
  6.6800000e+002  7.6461964e-003
  6.7200000e+002  8.0254138e-003
  6.7600000e+002  8.4887691e-003
  6.8000000e+002  9.0332894e-003
  6.8400000e+002  9.4760820e-003
  6.8800000e+002  1.0641509e-002
  6.9200000e+002  1.0878840e-002
  6.9600000e+002  1.0270109e-002
  7.0000000e+002  1.1771068e-002
  7.0400000e+002  1.5154962e-002
  7.0800000e+002  1.8648471e-002
  7.1200000e+002  2.1218589e-002
  7.1600000e+002  2.3263158e-002
  7.2000000e+002  2.4526552e-002
  7.2400000e+002  2.6753366e-002
  7.2800000e+002  3.2042499e-002
  7.3200000e+002  4.0233819e-002
  7.3600000e+002  4.9477534e-002
  7.4000000e+002  6.0438108e-002
  7.4400000e+002  7.2205233e-002
  7.4800000e+002  7.7181622e-002
  7.5200000e+002  7.7236422e-002
  7.5600000e+002  7.9827297e-002
  7.6000000e+002  9.4388525e-002
  7.6400000e+002  1.0682825e-001
  7.6800000e+002  1.1939410e-001
  7.7200000e+002  1.3409817e-001
  7.7600000e+002  1.5655527e-001
  7.8000000e+002  1.7756884e-001
