  3.8000000e+002  1.6286598e-002
  3.8400000e+002  1.6568156e-002
  3.8800000e+002  1.5709016e-002
  3.9200000e+002  1.4723058e-002
  3.9600000e+002  1.4185058e-002
  4.0000000e+002  1.5198782e-002
  4.0400000e+002  1.6133375e-002
  4.0800000e+002  1.6877285e-002
  4.1200000e+002  1.7114220e-002
  4.1600000e+002  1.9288066e-002
  4.2000000e+002  2.1644476e-002
  4.2400000e+002  2.1133231e-002
  4.2800000e+002  2.2526115e-002
  4.3200000e+002  2.4235935e-002
  4.3600000e+002  2.7023516e-002
  4.4000000e+002  3.3944954e-002
  4.4400000e+002  3.6362302e-002
  4.4800000e+002  3.5550459e-002
  4.5200000e+002  3.4380454e-002
  4.5600000e+002  3.3652947e-002
  4.6000000e+002  3.4462106e-002
  4.6400000e+002  3.6514866e-002
  4.6800000e+002  3.8803419e-002
  4.7200000e+002  4.0739796e-002
  4.7600000e+002  4.1392082e-002
  4.8000000e+002  4.2636764e-002
  4.8400000e+002  4.5545881e-002
  4.8800000e+002  4.7738492e-002
  4.9200000e+002  5.1166220e-002
  4.9600000e+002  5.4897740e-002
  5.0000000e+002  5.6557165e-002
  5.0400000e+002  5.9350928e-002
  5.0800000e+002  6.6688490e-002
  5.1200000e+002  7.5301450e-002
  5.1600000e+002  8.6554622e-002
  5.2000000e+002  9.9118752e-002
  5.2400000e+002  1.0979031e-001
  5.2800000e+002  1.2226926e-001
  5.3200000e+002  1.4113717e-001
  5.3600000e+002  1.5916320e-001
  5.4000000e+002  1.6680097e-001
  5.4400000e+002  1.7229730e-001
  5.4800000e+002  1.9967337e-001
  5.5200000e+002  2.3918219e-001
  5.5600000e+002  2.5952150e-001
  5.6000000e+002  2.6584276e-001
  5.6400000e+002  2.7203744e-001
  5.6800000e+002  2.8769211e-001
  5.7200000e+002  2.9725648e-001
  5.7600000e+002  3.0467290e-001
  5.8000000e+002  3.2661290e-001
  5.8400000e+002  3.3508266e-001
  5.8800000e+002  3.2822086e-001
  5.9200000e+002  3.1364587e-001
  5.9600000e+002  3.0416466e-001
  6.0000000e+002  3.1404959e-001
  6.0400000e+002  3.2645822e-001
  6.0800000e+002  3.2166446e-001
  6.1200000e+002  3.1464833e-001
  6.1600000e+002  3.1229773e-001
  6.2000000e+002  3.1196225e-001
  6.2400000e+002  3.1153355e-001
  6.2800000e+002  3.1679220e-001
  6.3200000e+002  3.1910662e-001
  6.3600000e+002  3.0708468e-001
  6.4000000e+002  2.9431525e-001
  6.4400000e+002  2.8841945e-001
  6.4800000e+002  3.0059105e-001
  6.5200000e+002  3.0961824e-001
  6.5600000e+002  2.9753106e-001
  6.6000000e+002  2.8876282e-001
  6.6400000e+002  2.9206274e-001
  6.6800000e+002  2.9991855e-001
  6.7200000e+002  3.0516636e-001
  6.7600000e+002  3.0738544e-001
  6.8000000e+002  2.9883393e-001
  6.8400000e+002  2.9853834e-001
  6.8800000e+002  3.2480084e-001
  6.9200000e+002  3.2000853e-001
  6.9600000e+002  2.8339623e-001
  7.0000000e+002  3.0072105e-001
  7.0400000e+002  3.5447825e-001
  7.0800000e+002  3.9562644e-001
  7.1200000e+002  4.0323580e-001
  7.1600000e+002  3.8380306e-001
  7.2000000e+002  3.5166347e-001
  7.2400000e+002  3.3424113e-001
  7.2800000e+002  3.4681256e-001
  7.3200000e+002  3.7468655e-001
  7.3600000e+002  3.9390456e-001
  7.4000000e+002  4.0653686e-001
  7.4400000e+002  4.1661570e-001
  7.4800000e+002  3.9195190e-001
  7.5200000e+002  3.5205005e-001
  7.5600000e+002  3.2640921e-001
  7.6000000e+002  3.4939607e-001
  7.6400000e+002  3.6127183e-001
  7.6800000e+002  3.6946173e-001
  7.7200000e+002  3.8190532e-001
  7.7600000e+002  3.9521208e-001
  7.8000000e+002  4.0077233e-001
