  3.8000000e+002  1.2832659e-002
  3.8400000e+002  1.2345934e-002
  3.8800000e+002  1.1329918e-002
  3.9200000e+002  1.0329145e-002
  3.9600000e+002  9.6354422e-003
  4.0000000e+002  9.5431228e-003
  4.0400000e+002  9.1149621e-003
  4.0800000e+002  8.7523768e-003
  4.1200000e+002  8.0452038e-003
  4.1600000e+002  8.1947874e-003
  4.2000000e+002  8.3045326e-003
  4.2400000e+002  7.0329250e-003
  4.2800000e+002  6.8560510e-003
  4.3200000e+002  6.7663457e-003
  4.3600000e+002  7.0858776e-003
  4.4000000e+002  8.0674756e-003
  4.4400000e+002  8.2369348e-003
  4.4800000e+002  7.5107933e-003
  4.5200000e+002  6.8586387e-003
  4.5600000e+002  6.3786249e-003
  4.6000000e+002  6.3026952e-003
  4.6400000e+002  6.5821142e-003
  4.6800000e+002  6.8424908e-003
  4.7200000e+002  7.1683673e-003
  4.7600000e+002  7.0868455e-003
  4.8000000e+002  6.9497018e-003
  4.8400000e+002  7.0301407e-003
  4.8800000e+002  6.8912608e-003
  4.9200000e+002  6.6166220e-003
  4.9600000e+002  6.3858988e-003
  5.0000000e+002  5.9816348e-003
  5.0400000e+002  5.6560172e-003
  5.0800000e+002  5.6632185e-003
  5.1200000e+002  5.7119631e-003
  5.1600000e+002  5.6820728e-003
  5.2000000e+002  5.5590870e-003
  5.2400000e+002  5.4287780e-003
  5.2800000e+002  5.3118826e-003
  5.3200000e+002  5.0888415e-003
  5.3600000e+002  5.0365382e-003
  5.4000000e+002  4.6924523e-003
  5.4400000e+002  4.4519520e-003
  5.4800000e+002  4.7530703e-003
  5.5200000e+002  4.9362834e-003
  5.5600000e+002  4.9370765e-003
  5.6000000e+002  4.6857744e-003
  5.6400000e+002  4.4365752e-003
  5.6800000e+002  4.5675092e-003
  5.7200000e+002  4.7420086e-003
  5.7600000e+002  5.0118380e-003
  5.8000000e+002  5.6659729e-003
  5.8400000e+002  6.0076096e-003
  5.8800000e+002  6.1170757e-003
  5.9200000e+002  6.1695583e-003
  5.9600000e+002  6.2975445e-003
  6.0000000e+002  6.6992236e-003
  6.0400000e+002  7.1413558e-003
  6.0800000e+002  7.2285337e-003
  6.1200000e+002  7.0994183e-003
  6.1600000e+002  7.0455771e-003
  6.2000000e+002  7.1093533e-003
  6.2400000e+002  7.2435806e-003
  6.2800000e+002  7.4597548e-003
  6.3200000e+002  7.4697874e-003
  6.3600000e+002  7.4719533e-003
  6.4000000e+002  7.4798602e-003
  6.4400000e+002  7.5881459e-003
  6.4800000e+002  8.1373802e-003
  6.5200000e+002  8.4101801e-003
  6.5600000e+002  8.2574068e-003
  6.6000000e+002  8.0805098e-003
  6.6400000e+002  8.5424588e-003
  6.6800000e+002  9.2734973e-003
  6.7200000e+002  9.5034275e-003
  6.7600000e+002  9.7915544e-003
  6.8000000e+002  1.0635697e-002
  6.8400000e+002  1.1051632e-002
  6.8800000e+002  1.2192872e-002
  6.9200000e+002  1.2670648e-002
  6.9600000e+002  1.1864945e-002
  7.0000000e+002  1.3400180e-002
  7.0400000e+002  1.7125391e-002
  7.0800000e+002  2.0924038e-002
  7.1200000e+002  2.3872633e-002
  7.1600000e+002  2.5809847e-002
  7.2000000e+002  2.6839411e-002
  7.2400000e+002  2.8993268e-002
  7.2800000e+002  3.5077704e-002
  7.3200000e+002  4.3463233e-002
  7.3600000e+002  5.2549634e-002
  7.4000000e+002  6.3525730e-002
  7.4400000e+002  7.6282705e-002
  7.4800000e+002  8.1683626e-002
  7.5200000e+002  8.2294995e-002
  7.5600000e+002  8.5320221e-002
  7.6000000e+002  1.0145949e-001
  7.6400000e+002  1.1462080e-001
  7.6800000e+002  1.2788748e-001
  7.7200000e+002  1.4411850e-001
  7.7600000e+002  1.6539203e-001
  7.8000000e+002  1.8596373e-001
