  3.8000000e+002  9.1804335e-004
  3.8400000e+002  1.1710454e-003
  3.8800000e+002  1.5793105e-003
  3.9200000e+002  2.1161589e-003
  3.9600000e+002  2.7701379e-003
  4.0000000e+002  3.8230115e-003
  4.0400000e+002  4.9435606e-003
  4.0800000e+002  6.4434826e-003
  4.1200000e+002  8.1321149e-003
  4.1600000e+002  9.9762706e-003
  4.2000000e+002  1.1927796e-002
  4.2400000e+002  1.3827914e-002
  4.2800000e+002  1.5708510e-002
  4.3200000e+002  1.7491498e-002
  4.3600000e+002  1.9033717e-002
  4.4000000e+002  2.0445791e-002
  4.4400000e+002  2.1395850e-002
  4.4800000e+002  2.1695184e-002
  4.5200000e+002  2.1506473e-002
  4.5600000e+002  2.1116038e-002
  4.6000000e+002  1.9957747e-002
  4.6400000e+002  1.8877543e-002
  4.6800000e+002  1.7628150e-002
  4.7200000e+002  1.5760568e-002
  4.7600000e+002  1.4231364e-002
  4.8000000e+002  1.2460089e-002
  4.8400000e+002  1.0615934e-002
  4.8800000e+002  9.2552669e-003
  4.9200000e+002  7.9206292e-003
  4.9600000e+002  6.7903192e-003
  5.0000000e+002  5.8871124e-003
  5.0400000e+002  4.9377041e-003
  5.0800000e+002  4.1425177e-003
  5.1200000e+002  3.5028547e-003
  5.1600000e+002  2.8892206e-003
  5.2000000e+002  2.4616941e-003
  5.2400000e+002  2.1688677e-003
  5.2800000e+002  1.9020703e-003
  5.3200000e+002  1.6983932e-003
  5.3600000e+002  1.5370133e-003
  5.4000000e+002  1.3749827e-003
  5.4400000e+002  1.2400873e-003
  5.4800000e+002  1.1281626e-003
  5.5200000e+002  1.0256733e-003
  5.5600000e+002  9.1407393e-004
  5.6000000e+002  8.1932831e-004
  5.6400000e+002  7.4904997e-004
  5.6800000e+002  6.7636395e-004
  5.7200000e+002  6.4089942e-004
  5.7600000e+002  6.1649722e-004
  5.8000000e+002  5.8825573e-004
  5.8400000e+002  5.5799700e-004
  5.8800000e+002  5.3457089e-004
  5.9200000e+002  5.2611146e-004
  5.9600000e+002  5.4498250e-004
  6.0000000e+002  5.5812715e-004
  6.0400000e+002  5.8415616e-004
  6.0800000e+002  6.6829496e-004
  6.1200000e+002  7.1618834e-004
  6.1600000e+002  7.1709936e-004
  6.2000000e+002  7.0837964e-004
  6.2400000e+002  6.9308759e-004
  6.2800000e+002  6.5274262e-004
  6.3200000e+002  5.8604327e-004
  6.3600000e+002  5.1556971e-004
  6.4000000e+002  4.2544425e-004
  6.4400000e+002  2.8631916e-004
  6.4800000e+002  1.9189891e-004
  6.5200000e+002  1.3138796e-004
  6.5600000e+002  1.3682152e-004
  6.6000000e+002  1.4168243e-004
  6.6400000e+002  1.1821728e-004
  6.6800000e+002  8.9442202e-005
  6.7200000e+002  1.0587302e-004
  6.7600000e+002  9.1056001e-005
  6.8000000e+002  1.1153433e-004
  6.8400000e+002  1.0736969e-004
  6.8800000e+002  1.6925367e-004
  6.9200000e+002  2.2144184e-004
  6.9600000e+002  1.9424152e-004
  7.0000000e+002  2.0100907e-004
  7.0400000e+002  1.9990283e-004
  7.0800000e+002  2.0777661e-004
  7.1200000e+002  1.6775700e-004
  7.1600000e+002  1.7901455e-004
  7.2000000e+002  1.6521917e-004
  7.2400000e+002  9.4166468e-005
  7.2800000e+002  4.9429099e-005
  7.3200000e+002  4.0644307e-005
  7.3600000e+002  3.9811378e-005
  7.4000000e+002  3.8353753e-005
  7.4400000e+002  2.5868286e-005
  7.4800000e+002  3.0798832e-005
  7.5200000e+002  2.7226349e-005
  7.5600000e+002  2.0471820e-005
  7.6000000e+002  1.8884050e-005
  7.6400000e+002  3.1970137e-005
  7.6800000e+002  4.2726628e-005
  7.7200000e+002  2.9998440e-005
  7.7600000e+002  8.7509548e-006
  7.8000000e+002  2.1779778e-005
