  3.8000000e+002  1.3868259e-004
  3.8400000e+002  1.2599995e-004
  3.8800000e+002  1.0755189e-004
  3.9200000e+002  1.2423649e-004
  3.9600000e+002  1.2159454e-004
  4.0000000e+002  1.3384119e-004
  4.0400000e+002  1.6795222e-004
  4.0800000e+002  2.0517371e-004
  4.1200000e+002  2.5521449e-004
  4.1600000e+002  3.0564571e-004
  4.2000000e+002  3.6486172e-004
  4.2400000e+002  4.2446816e-004
  4.2800000e+002  4.7815300e-004
  4.3200000e+002  5.4387626e-004
  4.3600000e+002  6.1454504e-004
  4.4000000e+002  6.9608093e-004
  4.4400000e+002  7.8217189e-004
  4.4800000e+002  8.9429188e-004
  4.5200000e+002  1.0137000e-003
  4.5600000e+002  1.1618051e-003
  4.6000000e+002  1.3984088e-003
  4.6400000e+002  1.7016468e-003
  4.6800000e+002  2.1135560e-003
  4.7200000e+002  2.7193813e-003
  4.7600000e+002  3.3915806e-003
  4.8000000e+002  4.1984801e-003
  4.8400000e+002  5.2123102e-003
  4.8800000e+002  6.2098722e-003
  4.9200000e+002  7.3414836e-003
  4.9600000e+002  8.5589908e-003
  5.0000000e+002  9.7309472e-003
  5.0400000e+002  1.0979038e-002
  5.0800000e+002  1.2197196e-002
  5.1200000e+002  1.3229247e-002
  5.1600000e+002  1.4107726e-002
  5.2000000e+002  1.4797495e-002
  5.2400000e+002  1.5266017e-002
  5.2800000e+002  1.5513293e-002
  5.3200000e+002  1.5552336e-002
  5.3600000e+002  1.5441713e-002
  5.4000000e+002  1.4986205e-002
  5.4400000e+002  1.4368016e-002
  5.4800000e+002  1.3632697e-002
  5.5200000e+002  1.2651403e-002
  5.5600000e+002  1.1666855e-002
  5.6000000e+002  1.0757141e-002
  5.6400000e+002  9.8096850e-003
  5.6800000e+002  8.8361998e-003
  5.7200000e+002  8.0091279e-003
  5.7600000e+002  7.1814052e-003
  5.8000000e+002  6.2183316e-003
  5.8400000e+002  5.4621888e-003
  5.8800000e+002  4.7450894e-003
  5.9200000e+002  4.0735408e-003
  5.9600000e+002  3.5275822e-003
  6.0000000e+002  3.0968020e-003
  6.0400000e+002  2.7304437e-003
  6.0800000e+002  2.4252535e-003
  6.1200000e+002  2.2118155e-003
  6.1600000e+002  1.9938225e-003
  6.2000000e+002  1.7576092e-003
  6.2400000e+002  1.5643438e-003
  6.2800000e+002  1.3788871e-003
  6.3200000e+002  1.2048180e-003
  6.3600000e+002  9.9697634e-004
  6.4000000e+002  8.1275599e-004
  6.4400000e+002  6.1298330e-004
  6.4800000e+002  4.4926080e-004
  6.5200000e+002  3.6219374e-004
  6.5600000e+002  3.1742384e-004
  6.6000000e+002  2.8078800e-004
  6.6400000e+002  2.5345753e-004
  6.6800000e+002  2.2580170e-004
  6.7200000e+002  2.0673545e-004
  6.7600000e+002  2.0205023e-004
  6.8000000e+002  1.7348338e-004
  6.8400000e+002  1.7426425e-004
  6.8800000e+002  1.9079268e-004
  6.9200000e+002  2.1877387e-004
  6.9600000e+002  2.3113765e-004
  7.0000000e+002  2.2905533e-004
  7.0400000e+002  2.1630111e-004
  7.0800000e+002  1.9782051e-004
  7.1200000e+002  1.9476210e-004
  7.1600000e+002  1.8903572e-004
  7.2000000e+002  1.5044771e-004
  7.2400000e+002  9.2103669e-005
  7.2800000e+002  4.9318476e-005
  7.3200000e+002  3.9407928e-005
  7.3600000e+002  3.5815924e-005
  7.4000000e+002  2.6163715e-005
  7.4400000e+002  3.9212711e-005
  7.4800000e+002  3.8034898e-005
  7.5200000e+002  3.6356026e-005
  7.5600000e+002  2.2664765e-005
  7.6000000e+002  2.0933835e-005
  7.6400000e+002  2.3048693e-005
  7.6800000e+002  3.4651126e-005
  7.7200000e+002  3.3902792e-005
  7.7600000e+002  1.7634658e-005
  7.8000000e+002  1.8308158e-005
