  3.8000000e+002  9.6436852e-005
  3.8400000e+002  1.0918356e-004
  3.8800000e+002  8.8828657e-005
  3.9200000e+002  8.4355357e-005
  3.9600000e+002  9.0414030e-005
  4.0000000e+002  1.0938273e-004
  4.0400000e+002  1.2296595e-004
  4.0800000e+002  1.4587020e-004
  4.1200000e+002  1.8797419e-004
  4.1600000e+002  2.3477852e-004
  4.2000000e+002  3.0882896e-004
  4.2400000e+002  3.7001318e-004
  4.2800000e+002  4.1418851e-004
  4.3200000e+002  4.5912067e-004
  4.3600000e+002  5.0309683e-004
  4.4000000e+002  5.4882567e-004
  4.4400000e+002  6.1570608e-004
  4.4800000e+002  6.9728504e-004
  4.5200000e+002  8.5442811e-004
  4.5600000e+002  1.1687143e-003
  4.6000000e+002  1.7622331e-003
  4.6400000e+002  2.6931415e-003
  4.6800000e+002  4.1960586e-003
  4.7200000e+002  6.3307347e-003
  4.7600000e+002  7.9336339e-003
  4.8000000e+002  9.1617001e-003
  4.8400000e+002  9.9464196e-003
  4.8800000e+002  1.0316871e-002
  4.9200000e+002  1.0344754e-002
  4.9600000e+002  1.0049987e-002
  5.0000000e+002  9.2772172e-003
  5.0400000e+002  7.5420708e-003
  5.0800000e+002  5.6603373e-003
  5.1200000e+002  4.3063974e-003
  5.1600000e+002  3.6901735e-003
  5.2000000e+002  5.1337387e-003
  5.2400000e+002  1.0324838e-002
  5.2800000e+002  1.7594447e-002
  5.3200000e+002  2.1219294e-002
  5.3600000e+002  2.2792716e-002
  5.4000000e+002  2.3553536e-002
  5.4400000e+002  2.3971787e-002
  5.4800000e+002  2.4063404e-002
  5.5200000e+002  2.3107401e-002
  5.5600000e+002  1.9677738e-002
  5.6000000e+002  1.3662883e-002
  5.6400000e+002  7.7595616e-003
  5.6800000e+002  5.3723412e-003
  5.7200000e+002  5.2169907e-003
  5.7600000e+002  5.4376682e-003
  5.8000000e+002  5.6985774e-003
  5.8400000e+002  5.8758364e-003
  5.8800000e+002  6.0168469e-003
  5.9200000e+002  6.1514841e-003
  5.9600000e+002  5.7619127e-003
  6.0000000e+002  4.8632694e-003
  6.0400000e+002  3.8913325e-003
  6.0800000e+002  3.0548295e-003
  6.1200000e+002  2.6815898e-003
  6.1600000e+002  2.4824224e-003
  6.2000000e+002  2.3023751e-003
  6.2400000e+002  1.9478571e-003
  6.2800000e+002  1.3459732e-003
  6.3200000e+002  7.7014047e-004
  6.3600000e+002  4.5999701e-004
  6.4000000e+002  3.3838540e-004
  6.4400000e+002  2.5405793e-004
  6.4800000e+002  2.1442361e-004
  6.5200000e+002  1.8231783e-004
  6.5600000e+002  1.7905149e-004
  6.6000000e+002  1.7148313e-004
  6.6400000e+002  1.8729702e-004
  6.6800000e+002  1.8510617e-004
  6.7200000e+002  1.8614185e-004
  6.7600000e+002  1.8176016e-004
  6.8000000e+002  1.4989338e-004
  6.8400000e+002  1.6311809e-004
  6.8800000e+002  2.0127857e-004
  6.9200000e+002  2.5342059e-004
  6.9600000e+002  3.0018509e-004
  7.0000000e+002  3.2324868e-004
  7.0400000e+002  3.1078080e-004
  7.0800000e+002  3.1213514e-004
  7.1200000e+002  3.0520411e-004
  7.1600000e+002  3.1360898e-004
  7.2000000e+002  2.6935398e-004
  7.2400000e+002  2.0872743e-004
  7.2800000e+002  1.0798856e-004
  7.3200000e+002  7.6679446e-005
  7.3600000e+002  4.6298452e-005
  7.4000000e+002  4.1219684e-005
  7.4400000e+002  3.8750008e-005
  7.4800000e+002  5.6722873e-005
  7.5200000e+002  6.6776843e-005
  7.5600000e+002  4.9042979e-005
  7.6000000e+002  4.2972357e-005
  7.6400000e+002  4.4027944e-005
  7.6800000e+002  5.1962773e-005
  7.7200000e+002  5.1652072e-005
  7.7600000e+002  4.6083351e-005
  7.8000000e+002  5.1436971e-005
