  3.8000000e+002  1.4817017e-005
  3.8400000e+002  1.8181267e-005
  3.8800000e+002  2.4005259e-005
  3.9200000e+002  3.0427918e-005
  3.9600000e+002  3.7650970e-005
  4.0000000e+002  4.9116751e-005
  4.0400000e+002  6.1955562e-005
  4.0800000e+002  7.9160741e-005
  4.1200000e+002  9.8604415e-005
  4.1600000e+002  1.2678733e-004
  4.2000000e+002  1.5383148e-004
  4.2400000e+002  1.7231208e-004
  4.2800000e+002  1.9280993e-004
  4.3200000e+002  2.1415372e-004
  4.3600000e+002  2.3308983e-004
  4.4000000e+002  2.5065941e-004
  4.4400000e+002  2.6380407e-004
  4.4800000e+002  2.7089697e-004
  4.5200000e+002  2.5580014e-004
  4.5600000e+002  2.4167940e-004
  4.6000000e+002  2.3321997e-004
  4.6400000e+002  2.2892519e-004
  4.6800000e+002  2.2580170e-004
  4.7200000e+002  2.2053083e-004
  4.7600000e+002  2.1688677e-004
  4.8000000e+002  2.1076995e-004
  4.8400000e+002  2.0413255e-004
  4.8800000e+002  2.0081385e-004
  4.9200000e+002  1.9912196e-004
  4.9600000e+002  2.0029327e-004
  5.0000000e+002  2.0133443e-004
  5.0400000e+002  1.9931718e-004
  5.0800000e+002  1.9808080e-004
  5.1200000e+002  1.9905689e-004
  5.1600000e+002  2.0289617e-004
  5.2000000e+002  2.1662648e-004
  5.2400000e+002  2.4376172e-004
  5.2800000e+002  2.8013727e-004
  5.3200000e+002  3.0102556e-004
  5.3600000e+002  3.1377977e-004
  5.4000000e+002  3.2399616e-004
  5.4400000e+002  3.3173979e-004
  5.4800000e+002  3.3681545e-004
  5.5200000e+002  3.3635994e-004
  5.5600000e+002  3.2620863e-004
  5.6000000e+002  3.0551556e-004
  5.6400000e+002  2.8391148e-004
  5.6800000e+002  2.7818510e-004
  5.7200000e+002  2.8195930e-004
  5.7600000e+002  2.8879192e-004
  5.8000000e+002  2.9230584e-004
  5.8400000e+002  2.8911728e-004
  5.8800000e+002  2.8749047e-004
  5.9200000e+002  3.0011454e-004
  5.9600000e+002  3.2217413e-004
  6.0000000e+002  3.3759632e-004
  6.0400000e+002  3.5607692e-004
  6.0800000e+002  4.0605263e-004
  6.1200000e+002  4.3403382e-004
  6.1600000e+002  4.3930470e-004
  6.2000000e+002  4.3494484e-004
  6.2400000e+002  4.1965279e-004
  6.2800000e+002  3.8698638e-004
  6.3200000e+002  3.4215140e-004
  6.3600000e+002  2.8618902e-004
  6.4000000e+002  2.2703808e-004
  6.4400000e+002  1.5103336e-004
  6.4800000e+002  9.1374856e-005
  6.5200000e+002  6.7239452e-005
  6.5600000e+002  6.0608561e-005
  6.6000000e+002  5.6899426e-005
  6.6400000e+002  5.3964655e-005
  6.6800000e+002  5.2663204e-005
  6.7200000e+002  5.1322710e-005
  6.7600000e+002  4.8453011e-005
  6.8000000e+002  4.6370690e-005
  6.8400000e+002  5.5246584e-005
  6.8800000e+002  8.2466426e-005
  6.9200000e+002  1.0684260e-004
  6.9600000e+002  1.1708502e-004
  7.0000000e+002  1.1694186e-004
  7.0400000e+002  1.1327827e-004
  7.0800000e+002  1.1101375e-004
  7.1200000e+002  1.0920473e-004
  7.1600000e+002  1.0547608e-004
  7.2000000e+002  8.8843535e-005
  7.2400000e+002  5.3112205e-005
  7.2800000e+002  2.7363002e-005
  7.3200000e+002  2.1818822e-005
  7.3600000e+002  1.9860138e-005
  7.4000000e+002  1.9040224e-005
  7.4400000e+002  1.8513137e-005
  7.4800000e+002  1.8519644e-005
  7.5200000e+002  1.8090165e-005
  7.5600000e+002  1.7797339e-005
  7.6000000e+002  1.7094555e-005
  7.6400000e+002  1.6879816e-005
  7.6800000e+002  1.6268134e-005
  7.7200000e+002  1.5688989e-005
  7.7600000e+002  1.4888596e-005
  7.8000000e+002  1.3678247e-005
