  3.8000000e+002  4.1964570e-004
  3.8400000e+002  4.6625087e-004
  3.8800000e+002  5.7149092e-004
  3.9200000e+002  6.9493487e-004
  3.9600000e+002  9.1138999e-004
  4.0000000e+002  1.4049268e-003
  4.0400000e+002  2.0912576e-003
  4.0800000e+002  3.1651682e-003
  4.1200000e+002  4.5418132e-003
  4.1600000e+002  7.1174459e-003
  4.2000000e+002  1.0046003e-002
  4.2400000e+002  1.1858427e-002
  4.2800000e+002  1.3698733e-002
  4.3200000e+002  1.5519123e-002
  4.3600000e+002  1.7144329e-002
  4.4000000e+002  1.8661985e-002
  4.4400000e+002  1.9673755e-002
  4.4800000e+002  1.9908773e-002
  4.5200000e+002  1.8801402e-002
  4.5600000e+002  1.8056516e-002
  4.6000000e+002  1.7837432e-002
  4.6400000e+002  1.8319417e-002
  4.6800000e+002  1.9809189e-002
  4.7200000e+002  2.1840696e-002
  4.7600000e+002  2.3123334e-002
  4.8000000e+002  2.3501752e-002
  4.8400000e+002  2.3075534e-002
  4.8800000e+002  2.2402348e-002
  4.9200000e+002  2.1322861e-002
  4.9600000e+002  1.9928689e-002
  5.0000000e+002  1.7837432e-002
  5.0400000e+002  1.3925784e-002
  5.0800000e+002  9.9344695e-003
  5.1200000e+002  7.1198360e-003
  5.1600000e+002  5.4882567e-003
  5.2000000e+002  6.6406392e-003
  5.2400000e+002  1.2129294e-002
  5.2800000e+002  1.9860972e-002
  5.3200000e+002  2.3613286e-002
  5.3600000e+002  2.5194675e-002
  5.4000000e+002  2.5943545e-002
  5.4400000e+002  2.6337896e-002
  5.4800000e+002  2.6409596e-002
  5.5200000e+002  2.5282309e-002
  5.5600000e+002  2.1498128e-002
  5.6000000e+002  1.5013238e-002
  5.6400000e+002  9.0103328e-003
  5.6800000e+002  7.3257750e-003
  5.7200000e+002  8.0344126e-003
  5.7600000e+002  9.0182995e-003
  5.8000000e+002  1.0006170e-002
  5.8400000e+002  1.0806823e-002
  5.8800000e+002  1.2224895e-002
  5.9200000e+002  1.6399443e-002
  5.9600000e+002  2.0167690e-002
  6.0000000e+002  2.1067927e-002
  6.0400000e+002  2.0860793e-002
  6.0800000e+002  2.0522208e-002
  6.1200000e+002  2.0685525e-002
  6.1600000e+002  2.0940460e-002
  6.2000000e+002  2.0570008e-002
  6.2400000e+002  1.8271617e-002
  6.2800000e+002  1.3846117e-002
  6.3200000e+002  9.2015335e-003
  6.3600000e+002  6.1777742e-003
  6.4000000e+002  4.7334123e-003
  6.4400000e+002  3.6280332e-003
  6.4800000e+002  2.7345683e-003
  6.5200000e+002  2.2426248e-003
  6.5600000e+002  2.1024110e-003
  6.6000000e+002  2.0334991e-003
  6.6400000e+002  1.9470604e-003
  6.6800000e+002  1.8072449e-003
  6.7200000e+002  1.6805745e-003
  6.7600000e+002  1.5706341e-003
  6.8000000e+002  1.3905867e-003
  6.8400000e+002  1.2675013e-003
  6.8800000e+002  1.3997484e-003
  6.9200000e+002  1.7176196e-003
  6.9600000e+002  1.9506454e-003
  7.0000000e+002  1.9359071e-003
  7.0400000e+002  1.8327383e-003
  7.0800000e+002  1.7267813e-003
  7.1200000e+002  1.6726078e-003
  7.1600000e+002  1.6347660e-003
  7.2000000e+002  1.5136722e-003
  7.2400000e+002  1.1495942e-003
  7.2800000e+002  6.0132619e-004
  7.3200000e+002  3.1141814e-004
  7.3600000e+002  2.2904250e-004
  7.4000000e+002  2.0327024e-004
  7.4400000e+002  2.1362695e-004
  7.4800000e+002  1.8701818e-004
  7.5200000e+002  1.9052353e-004
  7.5600000e+002  1.8881069e-004
  7.6000000e+002  1.9339154e-004
  7.6400000e+002  1.6861511e-004
  7.6800000e+002  1.4650753e-004
  7.7200000e+002  1.3615083e-004
  7.7600000e+002  1.4567103e-004
  7.8000000e+002  1.3061398e-004
