  3.8000000e+002  1.0930885e-003
  3.8400000e+002  1.2992383e-003
  3.8800000e+002  1.7296280e-003
  3.9200000e+002  2.2703808e-003
  3.9600000e+002  2.9627526e-003
  4.0000000e+002  4.0253871e-003
  4.0400000e+002  5.1797739e-003
  4.0800000e+002  6.7161365e-003
  4.1200000e+002  8.4268935e-003
  4.1600000e+002  1.0338725e-002
  4.2000000e+002  1.2335801e-002
  4.2400000e+002  1.4296436e-002
  4.2800000e+002  1.6248612e-002
  4.3200000e+002  1.8096673e-002
  4.3600000e+002  1.9671428e-002
  4.4000000e+002  2.1129053e-002
  4.4400000e+002  2.2098634e-002
  4.4800000e+002  2.2482562e-002
  4.5200000e+002  2.2397967e-002
  4.5600000e+002  2.2176721e-002
  4.6000000e+002  2.1278720e-002
  4.6400000e+002  2.0523878e-002
  4.6800000e+002  1.9684442e-002
  4.7200000e+002  1.8448064e-002
  4.7600000e+002  1.7641165e-002
  4.8000000e+002  1.6723642e-002
  4.8400000e+002  1.5903728e-002
  4.8800000e+002  1.5526307e-002
  4.9200000e+002  1.5350611e-002
  4.9600000e+002  1.5493771e-002
  5.0000000e+002  1.5825641e-002
  5.0400000e+002  1.6124975e-002
  5.0800000e+002  1.6521917e-002
  5.1200000e+002  1.6912352e-002
  5.1600000e+002  1.7205179e-002
  5.2000000e+002  1.7628150e-002
  5.2400000e+002  1.7927484e-002
  5.2800000e+002  1.7907962e-002
  5.3200000e+002  1.7719252e-002
  5.3600000e+002  1.7471976e-002
  5.4000000e+002  1.6925367e-002
  5.4400000e+002  1.6222583e-002
  5.4800000e+002  1.5409177e-002
  5.5200000e+002  1.4263900e-002
  5.5600000e+002  1.3041187e-002
  5.6000000e+002  1.1996773e-002
  5.6400000e+002  1.1122198e-002
  5.6800000e+002  1.0388831e-002
  5.7200000e+002  9.8376661e-003
  5.7600000e+002  9.5624093e-003
  5.8000000e+002  9.1856393e-003
  5.8400000e+002  8.5993358e-003
  5.8800000e+002  8.0319032e-003
  5.9200000e+002  7.6460231e-003
  5.9600000e+002  8.2082498e-003
  6.0000000e+002  9.3730482e-003
  6.0400000e+002  1.1156036e-002
  6.0800000e+002  1.5506786e-002
  6.1200000e+002  1.7953513e-002
  6.1600000e+002  1.8701847e-002
  6.2000000e+002  1.9085775e-002
  6.2400000e+002  1.9261471e-002
  6.2800000e+002  1.8916587e-002
  6.3200000e+002  1.7712745e-002
  6.3600000e+002  1.5090321e-002
  6.4000000e+002  1.1472288e-002
  6.4400000e+002  6.4350232e-003
  6.4800000e+002  2.4844695e-003
  6.5200000e+002  1.1484652e-003
  6.5600000e+002  8.9539811e-004
  6.6000000e+002  8.3234282e-004
  6.6400000e+002  7.8932987e-004
  6.6800000e+002  8.8114722e-004
  6.7200000e+002  9.4498338e-004
  6.7600000e+002  9.6710805e-004
  6.8000000e+002  1.0852147e-003
  6.8400000e+002  1.8051122e-003
  6.8800000e+002  3.7755086e-003
  6.9200000e+002  5.3509147e-003
  6.9600000e+002  5.9437255e-003
  7.0000000e+002  6.0166068e-003
  7.0400000e+002  5.8884139e-003
  7.0800000e+002  5.8148819e-003
  7.1200000e+002  5.7855993e-003
  7.1600000e+002  5.5565439e-003
  7.2000000e+002  4.4190760e-003
  7.2400000e+002  2.0465313e-003
  7.2800000e+002  5.4556815e-004
  7.3200000e+002  3.6870099e-004
  7.3600000e+002  3.3200008e-004
  7.4000000e+002  2.7154770e-004
  7.4400000e+002  2.5157043e-004
  7.4800000e+002  2.4779622e-004
  7.5200000e+002  2.4870724e-004
  7.5600000e+002  2.3159316e-004
  7.6000000e+002  2.3315490e-004
  7.6400000e+002  2.2371938e-004
  7.6800000e+002  2.0074878e-004
  7.7200000e+002  1.8051122e-004
  7.7600000e+002  1.6847280e-004
  7.8000000e+002  1.6274642e-004
