  3.8000000e+002  2.5593010e-004
  3.8400000e+002  2.8795622e-004
  3.8800000e+002  3.8841625e-004
  3.9200000e+002  5.0158316e-004
  3.9600000e+002  7.0975292e-004
  4.0000000e+002  1.1444158e-003
  4.0400000e+002  1.7510797e-003
  4.0800000e+002  2.7409417e-003
  4.1200000e+002  4.0391147e-003
  4.1600000e+002  6.4629819e-003
  4.2000000e+002  9.2334003e-003
  4.2400000e+002  1.0982090e-002
  4.2800000e+002  1.2762647e-002
  4.3200000e+002  1.4551170e-002
  4.3600000e+002  1.6168409e-002
  4.4000000e+002  1.7698015e-002
  4.4400000e+002  1.8705802e-002
  4.4800000e+002  1.8928869e-002
  4.5200000e+002  1.7777681e-002
  4.5600000e+002  1.6809728e-002
  4.6000000e+002  1.6072809e-002
  4.6400000e+002  1.5654557e-002
  4.6800000e+002  1.5662524e-002
  4.7200000e+002  1.5614724e-002
  4.7600000e+002  1.5331906e-002
  4.8000000e+002  1.4487436e-002
  4.8400000e+002  1.3264548e-002
  4.8800000e+002  1.2240828e-002
  4.9200000e+002  1.1129474e-002
  4.9600000e+002  1.0022103e-002
  5.0000000e+002  8.6916650e-003
  5.0400000e+002  6.4864836e-003
  5.0800000e+002  4.3406542e-003
  5.1200000e+002  2.8648238e-003
  5.1600000e+002  1.8498667e-003
  5.2000000e+002  1.5686424e-003
  5.2400000e+002  1.9040403e-003
  5.2800000e+002  2.4210788e-003
  5.3200000e+002  2.5824044e-003
  5.3600000e+002  2.5963461e-003
  5.4000000e+002  2.5931595e-003
  5.4400000e+002  2.5744377e-003
  5.4800000e+002  2.5417743e-003
  5.5200000e+002  2.3764653e-003
  5.5600000e+002  1.9088203e-003
  5.6000000e+002  1.1790710e-003
  5.6400000e+002  5.3129894e-004
  5.6800000e+002  2.6819881e-004
  5.7200000e+002  2.3521669e-004
  5.7600000e+002  2.3457936e-004
  5.8000000e+002  2.3545569e-004
  5.8400000e+002  2.4023571e-004
  5.8800000e+002  2.5162808e-004
  5.9200000e+002  2.8389320e-004
  5.9600000e+002  3.0520411e-004
  6.0000000e+002  3.1368864e-004
  6.0400000e+002  3.0249544e-004
  6.0800000e+002  2.9213873e-004
  6.1200000e+002  2.9500674e-004
  6.1600000e+002  2.9158106e-004
  6.2000000e+002  2.7903352e-004
  6.2400000e+002  2.5413759e-004
  6.2800000e+002  2.1753063e-004
  6.3200000e+002  1.7048729e-004
  6.3600000e+002  1.4383869e-004
  6.4000000e+002  1.2933930e-004
  6.4400000e+002  1.0619605e-004
  6.4800000e+002  9.8627693e-005
  6.5200000e+002  1.1025907e-004
  6.5600000e+002  1.0093803e-004
  6.6000000e+002  9.6237684e-005
  6.6400000e+002  1.0292971e-004
  6.6800000e+002  8.0742461e-005
  6.7200000e+002  8.9306659e-005
  6.7600000e+002  7.7412382e-005
  6.8000000e+002  6.3183864e-005
  6.8400000e+002  7.5440625e-005
  6.8800000e+002  7.4763456e-005
  6.9200000e+002  7.9380156e-005
  6.9600000e+002  7.7420349e-005
  7.0000000e+002  6.1044806e-005
  7.0400000e+002  5.9140766e-005
  7.0800000e+002  4.8122825e-005
  7.1200000e+002  6.5366738e-005
  7.1600000e+002  5.8654797e-005
  7.2000000e+002  5.5862470e-005
  7.2400000e+002  3.4105424e-005
  7.2800000e+002  3.5822247e-005
  7.3200000e+002  3.0134027e-005
  7.3600000e+002  2.2920184e-005
  7.4000000e+002  1.8438917e-005
  7.4400000e+002  2.6473330e-005
  7.4800000e+002  3.3300788e-005
  7.5200000e+002  2.0506275e-005
  7.5600000e+002  2.3394202e-005
  7.6000000e+002  4.1574202e-005
  7.6400000e+002  3.0249544e-005
  7.6800000e+002  3.8973075e-005
  7.7200000e+002  4.0104346e-005
  7.7600000e+002  4.7808141e-005
  7.8000000e+002  3.5917848e-005
