  3.8000000e+002  7.9157089e-005
  3.8400000e+002  7.9224805e-005
  3.8800000e+002  9.8707360e-005
  3.9200000e+002  1.1368475e-004
  3.9600000e+002  1.5710324e-004
  4.0000000e+002  2.0442541e-004
  4.0400000e+002  2.8273803e-004
  4.0800000e+002  3.6423733e-004
  4.1200000e+002  4.6274552e-004
  4.1600000e+002  6.1363474e-004
  4.2000000e+002  7.5070174e-004
  4.2400000e+002  8.0782294e-004
  4.2800000e+002  8.3530804e-004
  4.3200000e+002  8.6199648e-004
  4.3600000e+002  8.5004643e-004
  4.4000000e+002  8.1140796e-004
  4.4400000e+002  7.6332895e-004
  4.4800000e+002  6.8218815e-004
  4.5200000e+002  5.2735542e-004
  4.5600000e+002  4.0542514e-004
  4.6000000e+002  3.3750906e-004
  4.6400000e+002  3.0452694e-004
  4.6800000e+002  2.8775705e-004
  4.7200000e+002  2.7716134e-004
  4.7600000e+002  2.7202282e-004
  4.8000000e+002  2.5867861e-004
  4.8400000e+002  2.4660907e-004
  4.8800000e+002  2.4139088e-004
  4.9200000e+002  2.1960197e-004
  4.9600000e+002  2.0749259e-004
  5.0000000e+002  1.8733685e-004
  5.0400000e+002  1.5343856e-004
  5.0800000e+002  1.1894277e-004
  5.1200000e+002  9.7472522e-005
  5.1600000e+002  9.3489174e-005
  5.2000000e+002  1.0165504e-004
  5.2400000e+002  1.4455569e-004
  5.2800000e+002  1.9813172e-004
  5.3200000e+002  2.2868400e-004
  5.3600000e+002  2.4597173e-004
  5.4000000e+002  2.5776244e-004
  5.4400000e+002  2.7094732e-004
  5.4800000e+002  2.8393303e-004
  5.5200000e+002  2.9468807e-004
  5.5600000e+002  3.4667076e-004
  5.6000000e+002  5.4635599e-004
  5.6400000e+002  1.0440355e-003
  5.6800000e+002  1.9709605e-003
  5.7200000e+002  2.8879272e-003
  5.7600000e+002  3.6650784e-003
  5.8000000e+002  4.4342628e-003
  5.8400000e+002  5.0660218e-003
  5.8800000e+002  6.3610082e-003
  5.9200000e+002  1.0476205e-002
  5.9600000e+002  1.4654737e-002
  6.0000000e+002  1.6427327e-002
  6.0400000e+002  1.7200096e-002
  6.0800000e+002  1.7678098e-002
  6.1200000e+002  1.8199916e-002
  6.1600000e+002  1.8630118e-002
  6.2000000e+002  1.8450867e-002
  6.2400000e+002  1.6522927e-002
  6.2800000e+002  1.2639163e-002
  6.3200000e+002  8.5203811e-003
  6.3600000e+002  5.7611160e-003
  6.4000000e+002  4.4243045e-003
  6.4400000e+002  3.3914224e-003
  6.4800000e+002  2.5541226e-003
  6.5200000e+002  2.0538142e-003
  6.5600000e+002  1.9267454e-003
  6.6000000e+002  1.8717752e-003
  6.6400000e+002  1.7769715e-003
  6.6800000e+002  1.6060859e-003
  6.7200000e+002  1.4833987e-003
  6.7600000e+002  1.3547366e-003
  6.8000000e+002  1.1886310e-003
  6.8400000e+002  1.0934290e-003
  6.8800000e+002  1.1886310e-003
  6.9200000e+002  1.4487436e-003
  6.9600000e+002  1.6479110e-003
  7.0000000e+002  1.6271976e-003
  7.0400000e+002  1.5264189e-003
  7.0800000e+002  1.4427686e-003
  7.1200000e+002  1.3706700e-003
  7.1600000e+002  1.3431849e-003
  7.2000000e+002  1.2503729e-003
  7.2400000e+002  9.5042680e-004
  7.2800000e+002  4.7804158e-004
  7.3200000e+002  2.5011441e-004
  7.3600000e+002  1.8984636e-004
  7.4000000e+002  1.7200096e-004
  7.4400000e+002  1.6160442e-004
  7.4800000e+002  1.5734224e-004
  7.5200000e+002  1.5937375e-004
  7.5600000e+002  1.5208422e-004
  7.6000000e+002  1.3447782e-004
  7.6400000e+002  1.3228698e-004
  7.6800000e+002  1.2340412e-004
  7.7200000e+002  1.1233041e-004
  7.7600000e+002  1.1472042e-004
  7.8000000e+002  1.0257121e-004
