  3.8000000e+002  8.1002294e-005
  3.8400000e+002  7.6922246e-005
  3.8800000e+002  8.5186458e-005
  3.9200000e+002  7.6121854e-005
  3.9600000e+002  9.7784501e-005
  4.0000000e+002  1.1955126e-004
  4.0400000e+002  1.4940654e-004
  4.0800000e+002  1.8155238e-004
  4.1200000e+002  2.1955474e-004
  4.1600000e+002  2.5697145e-004
  4.2000000e+002  3.0440933e-004
  4.2400000e+002  3.5002518e-004
  4.2800000e+002  3.8412319e-004
  4.3200000e+002  4.2258106e-004
  4.3600000e+002  4.6266574e-004
  4.4000000e+002  5.0880217e-004
  4.4400000e+002  5.3379002e-004
  4.4800000e+002  5.5884295e-004
  4.5200000e+002  5.7569673e-004
  4.5600000e+002  5.6957992e-004
  4.6000000e+002  5.6977513e-004
  4.6400000e+002  5.6229179e-004
  4.6800000e+002  5.6170614e-004
  4.7200000e+002  5.7543644e-004
  4.7600000e+002  5.9320125e-004
  4.8000000e+002  6.2372027e-004
  4.8400000e+002  6.0471909e-004
  4.8800000e+002  5.8760501e-004
  4.9200000e+002  6.0042430e-004
  4.9600000e+002  6.5638668e-004
  5.0000000e+002  6.9582064e-004
  5.0400000e+002  6.9159092e-004
  5.0800000e+002  6.8313149e-004
  5.1200000e+002  6.7324047e-004
  5.1600000e+002  7.0050586e-004
  5.2000000e+002  8.8628795e-004
  5.2400000e+002  1.0762347e-003
  5.2800000e+002  1.1418278e-003
  5.3200000e+002  1.1386393e-003
  5.3600000e+002  1.1924542e-003
  5.4000000e+002  1.2697604e-003
  5.4400000e+002  1.2950086e-003
  5.4800000e+002  1.3000842e-003
  5.5200000e+002  1.2053386e-003
  5.5600000e+002  1.0200120e-003
  5.6000000e+002  9.2149220e-004
  5.6400000e+002  1.0212484e-003
  5.6800000e+002  1.3261783e-003
  5.7200000e+002  1.6652062e-003
  5.7600000e+002  2.2781895e-003
  5.8000000e+002  2.9419294e-003
  5.8400000e+002  3.1501615e-003
  5.8800000e+002  3.3115414e-003
  5.9200000e+002  3.6720433e-003
  5.9600000e+002  4.8264301e-003
  6.0000000e+002  6.4545449e-003
  6.0400000e+002  8.6383793e-003
  6.0800000e+002  1.3320348e-002
  6.1200000e+002  1.6020859e-002
  6.1600000e+002  1.7009961e-002
  6.2000000e+002  1.7608629e-002
  6.2400000e+002  1.7992556e-002
  6.2800000e+002  1.7803846e-002
  6.3200000e+002  1.6736657e-002
  6.3600000e+002  1.4309451e-002
  6.4000000e+002  1.0809199e-002
  6.4400000e+002  5.9085864e-003
  6.4800000e+002  2.0764647e-003
  6.5200000e+002  8.1854744e-004
  6.5600000e+002  6.0224633e-004
  6.6000000e+002  5.4368105e-004
  6.6400000e+002  5.5689077e-004
  6.6800000e+002  6.4128985e-004
  6.7200000e+002  7.3252155e-004
  6.7600000e+002  7.7189043e-004
  6.8000000e+002  9.1010450e-004
  6.8400000e+002  1.6528424e-003
  6.8800000e+002  3.5796403e-003
  6.9200000e+002  5.1303188e-003
  6.9600000e+002  5.7302876e-003
  7.0000000e+002  5.8161834e-003
  7.0400000e+002  5.7081629e-003
  7.0800000e+002  5.6359324e-003
  7.1200000e+002  5.5975396e-003
  7.1600000e+002  5.3652307e-003
  7.2000000e+002  4.2746150e-003
  7.2400000e+002  1.9482718e-003
  7.2800000e+002  4.8739330e-004
  7.3200000e+002  3.1859514e-004
  7.3600000e+002  2.6920509e-004
  7.4000000e+002  2.3074722e-004
  7.4400000e+002  2.2365431e-004
  7.4800000e+002  2.1272212e-004
  7.5200000e+002  2.1883894e-004
  7.5600000e+002  2.0660530e-004
  7.6000000e+002  2.0627994e-004
  7.6400000e+002  1.8643282e-004
  7.6800000e+002  1.8194281e-004
  7.7200000e+002  1.6996947e-004
  7.7600000e+002  1.5545829e-004
  7.8000000e+002  1.5187930e-004
