  3.8000000e+002  6.2777562e-006
  3.8400000e+002  8.0411843e-006
  3.8800000e+002  1.1503909e-005
  3.9200000e+002  1.3431849e-005
  3.9600000e+002  1.6148492e-005
  4.0000000e+002  2.1306928e-005
  4.0400000e+002  2.7879452e-005
  4.0800000e+002  3.7825871e-005
  4.1200000e+002  5.0580551e-005
  4.1600000e+002  7.7671300e-005
  4.2000000e+002  1.0607655e-004
  4.2400000e+002  1.1830543e-004
  4.2800000e+002  1.2933930e-004
  4.3200000e+002  1.4037318e-004
  4.3600000e+002  1.4957471e-004
  4.4000000e+002  1.5670490e-004
  4.4400000e+002  1.6092725e-004
  4.4800000e+002  1.5674474e-004
  4.5200000e+002  1.3623050e-004
  4.5600000e+002  1.2264728e-004
  4.6000000e+002  1.1969960e-004
  4.6400000e+002  1.2244811e-004
  4.6800000e+002  1.3164965e-004
  4.7200000e+002  1.4423703e-004
  4.7600000e+002  1.5248256e-004
  4.8000000e+002  1.5507173e-004
  4.8400000e+002  1.5327923e-004
  4.8800000e+002  1.5021205e-004
  4.9200000e+002  1.4455569e-004
  4.9600000e+002  1.3714667e-004
  5.0000000e+002  1.2539579e-004
  5.0400000e+002  1.0312888e-004
  5.0800000e+002  8.1220463e-005
  5.1200000e+002  6.6649376e-005
  5.1600000e+002  5.9379766e-005
  5.2000000e+002  6.7896164e-005
  5.2400000e+002  1.0133637e-004
  5.2800000e+002  1.4989338e-004
  5.3200000e+002  1.7550631e-004
  5.3600000e+002  1.8821319e-004
  5.4000000e+002  1.9689688e-004
  5.4400000e+002  2.0382791e-004
  5.4800000e+002  2.0908593e-004
  5.5200000e+002  2.0860793e-004
  5.5600000e+002  1.9367037e-004
  5.6000000e+002  1.6407410e-004
  5.6400000e+002  1.3662883e-004
  5.6800000e+002  1.3360149e-004
  5.7200000e+002  1.4300219e-004
  5.7600000e+002  1.5256222e-004
  5.8000000e+002  1.6096709e-004
  5.8400000e+002  1.6730061e-004
  5.8800000e+002  1.7777681e-004
  5.9200000e+002  2.0960376e-004
  5.9600000e+002  2.3808470e-004
  6.0000000e+002  2.4354189e-004
  6.0400000e+002  2.3975771e-004
  6.0800000e+002  2.3306568e-004
  6.1200000e+002  2.3007817e-004
  6.1600000e+002  2.2772800e-004
  6.2000000e+002  2.1968163e-004
  6.2400000e+002  1.9717572e-004
  6.2800000e+002  1.5821858e-004
  6.3200000e+002  1.1802660e-004
  6.3600000e+002  8.9665160e-005
  6.4000000e+002  7.4751506e-005
  6.4400000e+002  6.2861212e-005
  6.4800000e+002  5.2516458e-005
  6.5200000e+002  4.5151248e-005
  6.5600000e+002  4.1681752e-005
  6.6000000e+002  3.8953159e-005
  6.6400000e+002  3.6256432e-005
  6.6800000e+002  3.3547756e-005
  6.7200000e+002  3.1149780e-005
  6.7600000e+002  2.8010902e-005
  6.8000000e+002  2.4776424e-005
  6.8400000e+002  2.3183085e-005
  6.8800000e+002  2.5565127e-005
  6.9200000e+002  3.1376831e-005
  6.9600000e+002  3.6344066e-005
  7.0000000e+002  3.6822068e-005
  7.0400000e+002  3.5941748e-005
  7.0800000e+002  3.4989728e-005
  7.1200000e+002  3.4762677e-005
  7.1600000e+002  3.4985744e-005
  7.2000000e+002  3.3583606e-005
  7.2400000e+002  2.8341520e-005
  7.2800000e+002  2.0159723e-005
  7.3200000e+002  1.6248076e-005
  7.3600000e+002  1.5797958e-005
  7.4000000e+002  1.6419360e-005
  7.4400000e+002  1.7546647e-005
  7.4800000e+002  1.9538321e-005
  7.5200000e+002  2.1589745e-005
  7.5600000e+002  2.4127138e-005
  7.6000000e+002  2.5079158e-005
  7.6400000e+002  2.4915841e-005
  7.6800000e+002  2.4617090e-005
  7.7200000e+002  2.4895924e-005
  7.7600000e+002  2.6361796e-005
  7.8000000e+002  2.8723921e-005
