  3.8000000e+002  3.0878362e-002
  3.8400000e+002  2.8435281e-002
  3.8800000e+002  2.4834016e-002
  3.9200000e+002  2.1332508e-002
  3.9600000e+002  1.8961909e-002
  4.0000000e+002  1.9115101e-002
  4.0400000e+002  1.8670896e-002
  4.0800000e+002  1.7863098e-002
  4.1200000e+002  1.7104803e-002
  4.1600000e+002  1.7995885e-002
  4.2000000e+002  1.8543909e-002
  4.2400000e+002  1.6472690e-002
  4.2800000e+002  1.6271338e-002
  4.3200000e+002  1.5833756e-002
  4.3600000e+002  1.6584384e-002
  4.4000000e+002  1.8465522e-002
  4.4400000e+002  1.8712566e-002
  4.4800000e+002  1.7359687e-002
  4.5200000e+002  1.6192969e-002
  4.5600000e+002  1.5213985e-002
  4.6000000e+002  1.5259157e-002
  4.6400000e+002  1.5895470e-002
  4.6800000e+002  1.7185592e-002
  4.7200000e+002  1.9047194e-002
  4.7600000e+002  2.1061303e-002
  4.8000000e+002  2.4471092e-002
  4.8400000e+002  3.2993972e-002
  4.8800000e+002  4.3975984e-002
  4.9200000e+002  6.0710456e-002
  4.9600000e+002  8.4391819e-002
  5.0000000e+002  1.0801862e-001
  5.0400000e+002  1.4049754e-001
  5.0800000e+002  1.8943302e-001
  5.1200000e+002  2.4530551e-001
  5.1600000e+002  3.1274510e-001
  5.2000000e+002  3.7937012e-001
  5.2400000e+002  4.3499638e-001
  5.2800000e+002  4.8871013e-001
  5.3200000e+002  5.4285714e-001
  5.3600000e+002  5.8719014e-001
  5.4000000e+002  5.8501209e-001
  5.4400000e+002  5.7432432e-001
  5.4800000e+002  6.2699242e-001
  5.5200000e+002  6.9584092e-001
  5.5600000e+002  7.0806251e-001
  5.6000000e+002  6.8695767e-001
  5.6400000e+002  6.6409511e-001
  5.6800000e+002  6.7331386e-001
  5.7200000e+002  6.7858042e-001
  5.7600000e+002  6.8311526e-001
  5.8000000e+002  7.2112383e-001
  5.8400000e+002  7.2854894e-001
  5.8800000e+002  7.0743865e-001
  5.9200000e+002  6.7478774e-001
  5.9600000e+002  6.5454983e-001
  6.0000000e+002  6.7768595e-001
  6.0400000e+002  7.0612191e-001
  6.0800000e+002  6.9933950e-001
  6.1200000e+002  6.8469064e-001
  6.1600000e+002  6.8230852e-001
  6.2000000e+002  6.8692756e-001
  6.2400000e+002  6.9343169e-001
  6.2800000e+002  7.1141633e-001
  6.3200000e+002  7.1974912e-001
  6.3600000e+002  7.0032273e-001
  6.4000000e+002  6.7958656e-001
  6.4400000e+002  6.7021277e-001
  6.4800000e+002  6.9776358e-001
  6.5200000e+002  7.1459263e-001
  6.5600000e+002  6.8254221e-001
  6.6000000e+002  6.5868822e-001
  6.6400000e+002  6.6302281e-001
  6.6800000e+002  6.7958951e-001
  6.7200000e+002  6.8149139e-001
  6.7600000e+002  6.8355795e-001
  6.8000000e+002  6.6353207e-001
  6.8400000e+002  6.5034169e-001
  6.8800000e+002  6.9182390e-001
  6.9200000e+002  6.7320819e-001
  6.9600000e+002  5.8987090e-001
  7.0000000e+002  6.1987382e-001
  7.0400000e+002  7.2391243e-001
  7.0800000e+002  8.0138112e-001
  7.1200000e+002  8.0034423e-001
  7.1600000e+002  7.4906621e-001
  7.2000000e+002  6.7370441e-001
  7.2400000e+002  6.3066095e-001
  7.2800000e+002  6.4573422e-001
  7.3200000e+002  6.9400203e-001
  7.3600000e+002  7.2866597e-001
  7.4000000e+002  7.5000000e-001
  7.4400000e+002  7.4991505e-001
  7.4800000e+002  7.0120259e-001
  7.5200000e+002  6.2326944e-001
  7.5600000e+002  5.7351883e-001
  7.6000000e+002  6.0820332e-001
  7.6400000e+002  6.3070107e-001
  7.6800000e+002  6.4538815e-001
  7.7200000e+002  6.6744119e-001
  7.7600000e+002  7.1143959e-001
  7.8000000e+002  7.2733378e-001
