 380.000000 0.000400
 384.000000 0.000371
 388.000000 0.000309
 392.000000 0.000312
 396.000000 0.000295
 400.000000 0.000324
 404.000000 0.000337
 408.000000 0.000341
 412.000000 0.000351
 416.000000 0.000356
 420.000000 0.000366
 424.000000 0.000375
 428.000000 0.000382
 432.000000 0.000372
 436.000000 0.000364
 440.000000 0.000369
 444.000000 0.000402
 448.000000 0.000398
 452.000000 0.000392
 456.000000 0.000402
 460.000000 0.000421
 464.000000 0.000444
 468.000000 0.000439
 472.000000 0.000455
 476.000000 0.000442
 480.000000 0.000441
 484.000000 0.000443
 488.000000 0.000446
 492.000000 0.000450
 496.000000 0.000460
 500.000000 0.000469
 504.000000 0.000484
 508.000000 0.000498
 512.000000 0.000497
 516.000000 0.000529
 520.000000 0.000536
 524.000000 0.000553
 528.000000 0.000589
 532.000000 0.000608
 536.000000 0.000626
 540.000000 0.000664
 544.000000 0.000715
 548.000000 0.000758
 552.000000 0.000838
 556.000000 0.000981
 560.000000 0.001147
 564.000000 0.001389
 568.000000 0.001804
 572.000000 0.002373
 576.000000 0.003166
 580.000000 0.004434
 584.000000 0.005748
 588.000000 0.007234
 592.000000 0.009084
 596.000000 0.011070
 600.000000 0.013010
 604.000000 0.014890
 608.000000 0.016840
 612.000000 0.018310
 616.000000 0.019590
 620.000000 0.020880
 624.000000 0.022060
 628.000000 0.022930
 632.000000 0.023440
 636.000000 0.023710
 640.000000 0.024000
 644.000000 0.024290
 648.000000 0.024570
 652.000000 0.024750
 656.000000 0.024770
 660.000000 0.024690
 664.000000 0.024600
 668.000000 0.024590
 672.000000 0.024080
 676.000000 0.022550
 680.000000 0.021040
 684.000000 0.020450
 688.000000 0.019770
 692.000000 0.018930
 696.000000 0.017830
 700.000000 0.016550
 704.000000 0.015400
 708.000000 0.014780
 712.000000 0.014150
 716.000000 0.013470
 720.000000 0.012940
 724.000000 0.012720
 728.000000 0.012570
 732.000000 0.012660
 736.000000 0.012980
 740.000000 0.013380
 744.000000 0.013770
 748.000000 0.014200
 752.000000 0.014600
 756.000000 0.014950
 760.000000 0.015110
 764.000000 0.015130
 768.000000 0.014890
 772.000000 0.014350
 776.000000 0.013880
 780.000000 0.013720
