  3.8000000e+002  6.5841466e-002
  3.8400000e+002  7.1111111e-002
  3.8800000e+002  7.2274590e-002
  3.9200000e+002  7.1084764e-002
  3.9600000e+002  7.2470165e-002
  4.0000000e+002  7.9159987e-002
  4.0400000e+002  8.2655114e-002
  4.0800000e+002  8.5212813e-002
  4.1200000e+002  8.4340105e-002
  4.1600000e+002  9.0150892e-002
  4.2000000e+002  9.5495751e-002
  4.2400000e+002  8.7787136e-002
  4.2800000e+002  8.7821656e-002
  4.3200000e+002  8.8900152e-002
  4.3600000e+002  9.3893725e-002
  4.4000000e+002  1.1204498e-001
  4.4400000e+002  1.1573693e-001
  4.4800000e+002  1.1011873e-001
  4.5200000e+002  1.0463725e-001
  4.5600000e+002  1.0180075e-001
  4.6000000e+002  1.0489519e-001
  4.6400000e+002  1.1251770e-001
  4.6800000e+002  1.2085470e-001
  4.7200000e+002  1.3026786e-001
  4.7600000e+002  1.3501916e-001
  4.8000000e+002  1.4143116e-001
  4.8400000e+002  1.5348962e-001
  4.8800000e+002  1.6276184e-001
  4.9200000e+002  1.7434316e-001
  4.9600000e+002  1.8799785e-001
  5.0000000e+002  1.9396017e-001
  5.0400000e+002  2.0415456e-001
  5.0800000e+002  2.2836192e-001
  5.1200000e+002  2.5470803e-001
  5.1600000e+002  2.8263305e-001
  5.2000000e+002  3.0858133e-001
  5.2400000e+002  3.2581345e-001
  5.2800000e+002  3.3911939e-001
  5.3200000e+002  3.5764037e-001
  5.3600000e+002  3.7297607e-001
  5.4000000e+002  3.5885039e-001
  5.4400000e+002  3.4171672e-001
  5.4800000e+002  3.6307813e-001
  5.5200000e+002  3.9252206e-001
  5.5600000e+002  3.8888121e-001
  5.6000000e+002  3.6799895e-001
  5.6400000e+002  3.4665486e-001
  5.6800000e+002  3.4154706e-001
  5.7200000e+002  3.3513718e-001
  5.7600000e+002  3.2760125e-001
  5.8000000e+002  3.3272633e-001
  5.8400000e+002  3.2484912e-001
  5.8800000e+002  3.0444785e-001
  5.9200000e+002  2.7931586e-001
  5.9600000e+002  2.6119403e-001
  6.0000000e+002  2.6120711e-001
  6.0400000e+002  2.6305833e-001
  6.0800000e+002  2.5066050e-001
  6.1200000e+002  2.3799577e-001
  6.1600000e+002  2.2993528e-001
  6.2000000e+002  2.2398002e-001
  6.2400000e+002  2.1923677e-001
  6.2800000e+002  2.1891892e-001
  6.3200000e+002  2.1561879e-001
  6.3600000e+002  2.0391886e-001
  6.4000000e+002  1.9349445e-001
  6.4400000e+002  1.8651976e-001
  6.4800000e+002  1.9047923e-001
  6.5200000e+002  1.9205090e-001
  6.5600000e+002  1.8126792e-001
  6.6000000e+002  1.7312714e-001
  6.6400000e+002  1.7249683e-001
  6.6800000e+002  1.7483303e-001
  6.7200000e+002  1.7373349e-001
  6.7600000e+002  1.7279425e-001
  6.8000000e+002  1.6687982e-001
  6.8400000e+002  1.6245254e-001
  6.8800000e+002  1.7111111e-001
  6.9200000e+002  1.6518771e-001
  6.9600000e+002  1.4329692e-001
  7.0000000e+002  1.4957188e-001
  7.0400000e+002  1.7386978e-001
  7.0800000e+002  1.9075962e-001
  7.1200000e+002  1.8815835e-001
  7.1600000e+002  1.7477080e-001
  7.2000000e+002  1.5710173e-001
  7.2400000e+002  1.4574663e-001
  7.2800000e+002  1.4830320e-001
  7.3200000e+002  1.5818367e-001
  7.3600000e+002  1.6502961e-001
  7.4000000e+002  1.6860223e-001
  7.4400000e+002  1.6778797e-001
  7.4800000e+002  1.5578168e-001
  7.5200000e+002  1.3783280e-001
  7.5600000e+002  1.2717678e-001
  7.6000000e+002  1.3444892e-001
  7.6400000e+002  1.3943185e-001
  7.6800000e+002  1.4254801e-001
  7.7200000e+002  1.4832994e-001
  7.7600000e+002  1.5899743e-001
  7.8000000e+002  1.6390195e-001
