 380.000000 0.004074
 384.000000 0.005040
 388.000000 0.006471
 392.000000 0.008113
 396.000000 0.009842
 400.000000 0.011850
 404.000000 0.013490
 408.000000 0.015420
 412.000000 0.017270
 416.000000 0.018800
 420.000000 0.019810
 424.000000 0.020470
 428.000000 0.020680
 432.000000 0.021070
 436.000000 0.021670
 440.000000 0.022320
 444.000000 0.022730
 448.000000 0.022820
 452.000000 0.022650
 456.000000 0.022580
 460.000000 0.022350
 464.000000 0.022170
 468.000000 0.021630
 472.000000 0.020390
 476.000000 0.019310
 480.000000 0.017880
 484.000000 0.016440
 488.000000 0.015480
 492.000000 0.014390
 496.000000 0.013400
 500.000000 0.012550
 504.000000 0.011540
 508.000000 0.010570
 512.000000 0.009765
 516.000000 0.008847
 520.000000 0.008050
 524.000000 0.007405
 528.000000 0.006886
 532.000000 0.006487
 536.000000 0.006141
 540.000000 0.005791
 544.000000 0.005509
 548.000000 0.005259
 552.000000 0.005024
 556.000000 0.004821
 560.000000 0.004660
 564.000000 0.004459
 568.000000 0.004314
 572.000000 0.004257
 576.000000 0.004179
 580.000000 0.004111
 584.000000 0.004018
 588.000000 0.003931
 592.000000 0.003861
 596.000000 0.003801
 600.000000 0.003758
 604.000000 0.003694
 608.000000 0.003663
 612.000000 0.003589
 616.000000 0.003531
 620.000000 0.003497
 624.000000 0.003522
 628.000000 0.003529
 632.000000 0.003530
 636.000000 0.003549
 640.000000 0.003574
 644.000000 0.003673
 648.000000 0.003760
 652.000000 0.003875
 656.000000 0.003997
 660.000000 0.004136
 664.000000 0.004272
 668.000000 0.004532
 672.000000 0.004629
 676.000000 0.004567
 680.000000 0.004526
 684.000000 0.004680
 688.000000 0.004780
 692.000000 0.004846
 696.000000 0.004777
 700.000000 0.004726
 704.000000 0.004686
 708.000000 0.004769
 712.000000 0.004857
 716.000000 0.004881
 720.000000 0.004913
 724.000000 0.005023
 728.000000 0.005166
 732.000000 0.005383
 736.000000 0.005676
 740.000000 0.006021
 744.000000 0.006383
 748.000000 0.006741
 752.000000 0.007043
 756.000000 0.007269
 760.000000 0.007431
 764.000000 0.007528
 768.000000 0.007495
 772.000000 0.007273
 776.000000 0.007071
 780.000000 0.006992
