  3.8000000e+002  2.5958105e-001
  3.8400000e+002  3.0231386e-001
  3.8800000e+002  3.3952869e-001
  3.9200000e+002  3.6205981e-001
  3.9600000e+002  4.0035965e-001
  4.0000000e+002  4.7018275e-001
  4.0400000e+002  5.1400279e-001
  4.0800000e+002  5.5199649e-001
  4.1200000e+002  5.6397148e-001
  4.1600000e+002  6.2263374e-001
  4.2000000e+002  6.7464589e-001
  4.2400000e+002  6.2595712e-001
  4.2800000e+002  6.2624204e-001
  4.3200000e+002  6.2949823e-001
  4.3600000e+002  6.5843835e-001
  4.4000000e+002  7.6886653e-001
  4.4400000e+002  7.7583676e-001
  4.4800000e+002  7.1856449e-001
  4.5200000e+002  6.6330092e-001
  4.5600000e+002  6.2804022e-001
  4.6000000e+002  6.2612301e-001
  4.6400000e+002  6.5195847e-001
  4.6800000e+002  6.7741148e-001
  4.7200000e+002  6.9630102e-001
  4.7600000e+002  6.8978289e-001
  4.8000000e+002  6.8382162e-001
  4.8400000e+002  6.9403885e-001
  4.8800000e+002  6.9112742e-001
  4.9200000e+002  6.9088472e-001
  4.9600000e+002  6.9093111e-001
  5.0000000e+002  6.6412312e-001
  5.0400000e+002  6.4187397e-001
  5.0800000e+002  6.5824277e-001
  5.1200000e+002  6.7687305e-001
  5.1600000e+002  6.8865546e-001
  5.2000000e+002  6.9878648e-001
  5.2400000e+002  6.9385394e-001
  5.2800000e+002  6.8346034e-001
  5.3200000e+002  6.9367448e-001
  5.3600000e+002  7.0267947e-001
  5.4000000e+002  6.6022025e-001
  5.4400000e+002  6.2012012e-001
  5.4800000e+002  6.5442906e-001
  5.5200000e+002  7.0662372e-001
  5.5600000e+002  7.0515835e-001
  5.6000000e+002  6.7538785e-001
  5.6400000e+002  6.4689516e-001
  5.6800000e+002  6.5070494e-001
  5.7200000e+002  6.5290712e-001
  5.7600000e+002  6.5457944e-001
  5.8000000e+002  6.8847555e-001
  5.8400000e+002  6.9312516e-001
  5.8800000e+002  6.7088446e-001
  5.9200000e+002  6.3935031e-001
  5.9600000e+002  6.1952335e-001
  6.0000000e+002  6.4074631e-001
  6.0400000e+002  6.6684183e-001
  6.0800000e+002  6.5918098e-001
  6.1200000e+002  6.4569011e-001
  6.1600000e+002  6.4306904e-001
  6.2000000e+002  6.4737719e-001
  6.2400000e+002  6.5271670e-001
  6.2800000e+002  6.6873431e-001
  6.3200000e+002  6.7661007e-001
  6.3600000e+002  6.5759951e-001
  6.4000000e+002  6.3793890e-001
  6.4400000e+002  6.2872340e-001
  6.4800000e+002  6.5447284e-001
  6.5200000e+002  6.7145926e-001
  6.5600000e+002  6.4224275e-001
  6.6000000e+002  6.2045384e-001
  6.6400000e+002  6.2563371e-001
  6.6800000e+002  6.4147255e-001
  6.7200000e+002  6.4337067e-001
  6.7600000e+002  6.4582210e-001
  6.8000000e+002  6.2742148e-001
  6.8400000e+002  6.1104784e-001
  6.8800000e+002  6.4905660e-001
  6.9200000e+002  6.3118601e-001
  6.9600000e+002  5.5074479e-001
  7.0000000e+002  5.7796305e-001
  7.0400000e+002  6.7472278e-001
  7.0800000e+002  7.4416310e-001
  7.1200000e+002  7.4148021e-001
  7.1600000e+002  6.9405772e-001
  7.2000000e+002  6.2386436e-001
  7.2400000e+002  5.8304774e-001
  7.2800000e+002  5.9749445e-001
  7.3200000e+002  6.4222298e-001
  7.3600000e+002  6.7492163e-001
  7.4000000e+002  6.9405424e-001
  7.4400000e+002  6.9452939e-001
  7.4800000e+002  6.4816528e-001
  7.5200000e+002  5.7641108e-001
  7.5600000e+002  5.3154234e-001
  7.6000000e+002  5.6441872e-001
  7.6400000e+002  5.8717748e-001
  7.6800000e+002  6.0075737e-001
  7.7200000e+002  6.2184142e-001
  7.7600000e+002  6.6066838e-001
  7.8000000e+002  6.7696441e-001
