  3.8000000e+002  4.8274220e-002
  3.8400000e+002  5.0813288e-002
  3.8800000e+002  5.0614754e-002
  3.9200000e+002  4.9141745e-002
  3.9600000e+002  4.9926435e-002
  4.0000000e+002  5.4648926e-002
  4.0400000e+002  5.7264428e-002
  4.0800000e+002  5.9236507e-002
  4.1200000e+002  5.8966770e-002
  4.1600000e+002  6.3909465e-002
  4.2000000e+002  6.8484419e-002
  4.2400000e+002  6.3540071e-002
  4.2800000e+002  6.4382166e-002
  4.3200000e+002  6.5775469e-002
  4.3600000e+002  7.0404054e-002
  4.4000000e+002  8.4625629e-002
  4.4400000e+002  8.7742220e-002
  4.4800000e+002  8.3742580e-002
  4.5200000e+002  7.9556220e-002
  4.5600000e+002  7.7174930e-002
  4.6000000e+002  7.8714582e-002
  4.6400000e+002  8.3730533e-002
  4.6800000e+002  8.8778999e-002
  4.7200000e+002  9.3647959e-002
  4.7600000e+002  9.4636015e-002
  4.8000000e+002  9.6007260e-002
  4.8400000e+002  1.0002679e-001
  4.8800000e+002  1.0186791e-001
  4.9200000e+002  1.0391421e-001
  4.9600000e+002  1.0644510e-001
  5.0000000e+002  1.0429384e-001
  5.0400000e+002  1.0284127e-001
  5.0800000e+002  1.0826241e-001
  5.1200000e+002  1.1406314e-001
  5.1600000e+002  1.1987395e-001
  5.2000000e+002  1.2529616e-001
  5.2400000e+002  1.2840202e-001
  5.2800000e+002  1.3195032e-001
  5.3200000e+002  1.3943141e-001
  5.3600000e+002  1.4706978e-001
  5.4000000e+002  1.4585012e-001
  5.4400000e+002  1.4548298e-001
  5.4800000e+002  1.6382284e-001
  5.5200000e+002  1.9042151e-001
  5.5600000e+002  2.0409349e-001
  5.6000000e+002  2.0903234e-001
  5.6400000e+002  2.1420261e-001
  5.6800000e+002  2.3062365e-001
  5.7200000e+002  2.4462623e-001
  5.7600000e+002  2.5931464e-001
  5.8000000e+002  2.9110302e-001
  5.8400000e+002  3.0923642e-001
  5.8800000e+002  3.1403374e-001
  5.9200000e+002  3.1376892e-001
  5.9600000e+002  3.1692345e-001
  6.0000000e+002  3.3934385e-001
  6.0400000e+002  3.6389911e-001
  6.0800000e+002  3.7067371e-001
  6.1200000e+002  3.7176097e-001
  6.1600000e+002  3.7796656e-001
  6.2000000e+002  3.8814876e-001
  6.2400000e+002  3.9849624e-001
  6.2800000e+002  4.1530055e-001
  6.3200000e+002  4.2634236e-001
  6.3600000e+002  4.2154603e-001
  6.4000000e+002  4.1419669e-001
  6.4400000e+002  4.1352584e-001
  6.4800000e+002  4.3562300e-001
  6.5200000e+002  4.5232193e-001
  6.5600000e+002  4.3644473e-001
  6.6000000e+002  4.2570718e-001
  6.6400000e+002  4.3330165e-001
  6.6800000e+002  4.4811859e-001
  6.7200000e+002  4.5310149e-001
  6.7600000e+002  4.5804133e-001
  6.8000000e+002  4.5063005e-001
  6.8400000e+002  4.4514047e-001
  6.8800000e+002  4.7819706e-001
  6.9200000e+002  4.6970990e-001
  6.9600000e+002  4.1429990e-001
  7.0000000e+002  4.3949977e-001
  7.0400000e+002  5.1811203e-001
  7.0800000e+002  5.7724433e-001
  7.1200000e+002  5.8240964e-001
  7.1600000e+002  5.4947368e-001
  7.2000000e+002  4.9840051e-001
  7.2400000e+002  4.6946144e-001
  7.2800000e+002  4.8242943e-001
  7.3200000e+002  5.2063707e-001
  7.3600000e+002  5.4845002e-001
  7.4000000e+002  5.6554242e-001
  7.4400000e+002  5.6738022e-001
  7.4800000e+002  5.3083565e-001
  7.5200000e+002  4.7177849e-001
  7.5600000e+002  4.3389302e-001
  7.6000000e+002  4.5875692e-001
  7.6400000e+002  4.7516289e-001
  7.6800000e+002  4.8498783e-001
  7.7200000e+002  5.0049376e-001
  7.7600000e+002  5.2978792e-001
  7.8000000e+002  5.3992612e-001
