  3.8000000e+002  1.8881219e-002
  3.8400000e+002  1.7273769e-002
  3.8800000e+002  1.3600410e-002
  3.9200000e+002  1.1233410e-002
  3.9600000e+002  1.0091548e-002
  4.0000000e+002  1.0094582e-002
  4.0400000e+002  1.0242921e-002
  4.0800000e+002  1.0141875e-002
  4.1200000e+002  9.3421230e-003
  4.1600000e+002  9.8189300e-003
  4.2000000e+002  1.0481586e-002
  4.2400000e+002  9.3427769e-003
  4.2800000e+002  9.3694268e-003
  4.3200000e+002  9.2853523e-003
  4.3600000e+002  9.6297259e-003
  4.4000000e+002  1.1281444e-002
  4.4400000e+002  1.1779213e-002
  4.4800000e+002  1.0773071e-002
  4.5200000e+002  1.0041137e-002
  4.5600000e+002  9.6082788e-003
  4.6000000e+002  9.7339323e-003
  4.6400000e+002  1.0442426e-002
  4.6800000e+002  1.0631258e-002
  4.7200000e+002  1.1372449e-002
  4.7600000e+002  1.1192848e-002
  4.8000000e+002  1.1278195e-002
  4.8400000e+002  1.1764233e-002
  4.8800000e+002  1.1862575e-002
  4.9200000e+002  1.2130027e-002
  4.9600000e+002  1.2238967e-002
  5.0000000e+002  1.2181842e-002
  5.0400000e+002  1.2226291e-002
  5.0800000e+002  1.2891188e-002
  5.1200000e+002  1.3322043e-002
  5.1600000e+002  1.4528011e-002
  5.2000000e+002  1.5426177e-002
  5.2400000e+002  1.6135936e-002
  5.2800000e+002  1.6603161e-002
  5.3200000e+002  1.7164179e-002
  5.3600000e+002  1.8141568e-002
  5.4000000e+002  1.7859253e-002
  5.4400000e+002  1.7880380e-002
  5.4800000e+002  1.9934675e-002
  5.5200000e+002  2.3534519e-002
  5.5600000e+002  2.6672659e-002
  5.6000000e+002  2.9936892e-002
  5.6400000e+002  3.4943721e-002
  5.6800000e+002  4.5687794e-002
  5.7200000e+002  5.9438711e-002
  5.7600000e+002  7.8641745e-002
  5.8000000e+002  1.1519251e-001
  5.8400000e+002  1.5020992e-001
  5.8800000e+002  1.8427914e-001
  5.9200000e+002  2.2291128e-001
  5.9600000e+002  2.6564757e-001
  6.0000000e+002  3.2456799e-001
  6.0400000e+002  3.9017341e-001
  6.0800000e+002  4.4372523e-001
  6.1200000e+002  4.8268112e-001
  6.1600000e+002  5.2669903e-001
  6.2000000e+002  5.7785179e-001
  6.2400000e+002  6.2434388e-001
  6.2800000e+002  6.7538030e-001
  6.3200000e+002  7.1515986e-001
  6.3600000e+002  7.2721684e-001
  6.4000000e+002  7.2777018e-001
  6.4400000e+002  7.3647416e-001
  6.4800000e+002  7.8274760e-001
  6.5200000e+002  8.1540241e-001
  6.5600000e+002  7.8703409e-001
  6.6000000e+002  7.6577557e-001
  6.6400000e+002  7.7788340e-001
  6.6800000e+002  7.9964164e-001
  6.7200000e+002  8.0321017e-001
  6.7600000e+002  8.0772686e-001
  6.8000000e+002  7.8973105e-001
  6.8400000e+002  7.7524677e-001
  6.8800000e+002  8.2704403e-001
  6.9200000e+002  8.0546075e-001
  6.9600000e+002  7.0625621e-001
  7.0000000e+002  7.4402884e-001
  7.0400000e+002  8.7347171e-001
  7.0800000e+002  9.7007563e-001
  7.1200000e+002  9.7142857e-001
  7.1600000e+002  9.1307301e-001
  7.2000000e+002  8.2501599e-001
  7.2400000e+002  7.7539780e-001
  7.2800000e+002  7.9511576e-001
  7.3200000e+002  8.5598102e-001
  7.3600000e+002  9.0142807e-001
  7.4000000e+002  9.2872045e-001
  7.4400000e+002  9.3306150e-001
  7.4800000e+002  8.7326549e-001
  7.5200000e+002  7.7555911e-001
  7.5600000e+002  7.1623891e-001
  7.6000000e+002  7.5767489e-001
  7.6400000e+002  7.8629137e-001
  7.6800000e+002  8.0335407e-001
  7.7200000e+002  8.3212315e-001
  7.7600000e+002  8.9042416e-001
  7.8000000e+002  9.1806582e-001
