  3.8000000e+002  9.2739824e-002
  3.8400000e+002  9.9358534e-002
  3.8800000e+002  1.0108607e-001
  3.9200000e+002  9.9858432e-002
  3.9600000e+002  1.0336766e-001
  4.0000000e+002  1.1603078e-001
  4.0400000e+002  1.2387436e-001
  4.0800000e+002  1.3090537e-001
  4.1200000e+002  1.3259787e-001
  4.1600000e+002  1.4584362e-001
  4.2000000e+002  1.5837110e-001
  4.2400000e+002  1.4776672e-001
  4.2800000e+002  1.4895541e-001
  4.3200000e+002  1.5044349e-001
  4.3600000e+002  1.5769780e-001
  4.4000000e+002  1.8378218e-001
  4.4400000e+002  1.8473282e-001
  4.4800000e+002  1.6949541e-001
  4.5200000e+002  1.5397656e-001
  4.5600000e+002  1.4278531e-001
  4.6000000e+002  1.3796360e-001
  4.6400000e+002  1.3971213e-001
  4.6800000e+002  1.4195360e-001
  4.7200000e+002  1.4246173e-001
  4.7600000e+002  1.3767561e-001
  4.8000000e+002  1.3212341e-001
  4.8400000e+002  1.2732753e-001
  4.8800000e+002  1.1993329e-001
  4.9200000e+002  1.1234584e-001
  4.9600000e+002  1.0445371e-001
  5.0000000e+002  9.2265908e-002
  5.0400000e+002  7.8179063e-002
  5.0800000e+002  6.7421762e-002
  5.1200000e+002  5.6577699e-002
  5.1600000e+002  4.3879552e-002
  5.2000000e+002  3.3487431e-002
  5.2400000e+002  2.4824295e-002
  5.2800000e+002  1.7780130e-002
  5.3200000e+002  1.3938877e-002
  5.3600000e+002  1.1523141e-002
  5.4000000e+002  8.8933656e-003
  5.4400000e+002  7.2835335e-003
  5.4800000e+002  6.7481056e-003
  5.5200000e+002  6.6671335e-003
  5.5600000e+002  6.2342691e-003
  5.6000000e+002  5.7020773e-003
  5.6400000e+002  5.2535728e-003
  5.6800000e+002  5.1225708e-003
  5.7200000e+002  4.9597282e-003
  5.7600000e+002  4.9246106e-003
  5.8000000e+002  5.1066597e-003
  5.8400000e+002  5.1771189e-003
  5.8800000e+002  5.0524029e-003
  5.9200000e+002  4.9600098e-003
  5.9600000e+002  5.0541647e-003
  6.0000000e+002  5.3193088e-003
  6.0400000e+002  5.6923279e-003
  6.0800000e+002  5.7357992e-003
  6.1200000e+002  5.8077737e-003
  6.1600000e+002  5.9911003e-003
  6.2000000e+002  6.2767138e-003
  6.2400000e+002  6.9002695e-003
  6.2800000e+002  7.5838133e-003
  6.3200000e+002  8.5360257e-003
  6.3600000e+002  9.8985708e-003
  6.4000000e+002  1.1703906e-002
  6.4400000e+002  1.4500000e-002
  6.4800000e+002  1.9608626e-002
  6.5200000e+002  2.6575773e-002
  6.5600000e+002  3.2717426e-002
  6.6000000e+002  4.0643457e-002
  6.6400000e+002  5.3770596e-002
  6.6800000e+002  7.1233100e-002
  6.7200000e+002  8.8095636e-002
  6.7600000e+002  1.0893082e-001
  6.8000000e+002  1.3443671e-001
  6.8400000e+002  1.6042141e-001
  6.8800000e+002  1.9983229e-001
  6.9200000e+002  2.2212031e-001
  6.9600000e+002  2.2105263e-001
  7.0000000e+002  2.5648941e-001
  7.0400000e+002  3.2698322e-001
  7.0800000e+002  3.8691220e-001
  7.1200000e+002  4.0970740e-001
  7.1600000e+002  3.9826825e-001
  7.2000000e+002  3.6826615e-001
  7.2400000e+002  3.5042840e-001
  7.2800000e+002  3.6314621e-001
  7.3200000e+002  3.9356150e-001
  7.3600000e+002  4.1654476e-001
  7.4000000e+002  4.3174548e-001
  7.4400000e+002  4.3506626e-001
  7.4800000e+002  4.0851064e-001
  7.5200000e+002  3.6480298e-001
  7.5600000e+002  3.3785080e-001
  7.6000000e+002  3.5931052e-001
  7.6400000e+002  3.7435496e-001
  7.6800000e+002  3.8406816e-001
  7.7200000e+002  3.9796689e-001
  7.7600000e+002  4.2368252e-001
  7.8000000e+002  4.3482203e-001
