 380.000000 0.001657
 384.000000 0.001746
 388.000000 0.001931
 392.000000 0.002124
 396.000000 0.002274
 400.000000 0.002442
 404.000000 0.002595
 408.000000 0.002779
 412.000000 0.002915
 416.000000 0.003007
 420.000000 0.003003
 424.000000 0.002985
 428.000000 0.002892
 432.000000 0.002855
 436.000000 0.002851
 440.000000 0.002852
 444.000000 0.002837
 448.000000 0.002810
 452.000000 0.002768
 456.000000 0.002768
 460.000000 0.002777
 464.000000 0.002824
 468.000000 0.002842
 472.000000 0.002863
 476.000000 0.002951
 480.000000 0.003095
 484.000000 0.003474
 488.000000 0.004068
 492.000000 0.004837
 496.000000 0.005882
 500.000000 0.007085
 504.000000 0.008586
 508.000000 0.010260
 512.000000 0.012050
 516.000000 0.013990
 520.000000 0.015690
 524.000000 0.017270
 528.000000 0.019100
 532.000000 0.020500
 536.000000 0.021540
 540.000000 0.022440
 544.000000 0.023270
 548.000000 0.024020
 552.000000 0.024600
 556.000000 0.025190
 560.000000 0.025580
 564.000000 0.025640
 568.000000 0.025830
 572.000000 0.026260
 576.000000 0.026680
 580.000000 0.026960
 584.000000 0.026990
 588.000000 0.026900
 592.000000 0.026690
 596.000000 0.026500
 600.000000 0.026380
 604.000000 0.026230
 608.000000 0.025860
 612.000000 0.025350
 616.000000 0.024800
 620.000000 0.024290
 624.000000 0.023980
 628.000000 0.023650
 632.000000 0.023130
 636.000000 0.022400
 640.000000 0.022010
 644.000000 0.021720
 648.000000 0.021520
 652.000000 0.021360
 656.000000 0.021210
 660.000000 0.021000
 664.000000 0.020800
 668.000000 0.020760
 672.000000 0.020310
 676.000000 0.018980
 680.000000 0.017640
 684.000000 0.017110
 688.000000 0.016460
 692.000000 0.015790
 696.000000 0.014870
 700.000000 0.013750
 704.000000 0.012740
 708.000000 0.012190
 712.000000 0.011650
 716.000000 0.011030
 720.000000 0.010570
 724.000000 0.010370
 728.000000 0.010240
 732.000000 0.010300
 736.000000 0.010510
 740.000000 0.010850
 744.000000 0.011110
 748.000000 0.011470
 752.000000 0.011840
 756.000000 0.012100
 760.000000 0.012250
 764.000000 0.012280
 768.000000 0.012130
 772.000000 0.011690
 776.000000 0.011230
 780.000000 0.011030
