  3.8000000e+002  4.1190193e-002
  3.8400000e+002  4.0206186e-002
  3.8800000e+002  3.5897541e-002
  3.9200000e+002  3.1006901e-002
  3.9600000e+002  2.7410495e-002
  4.0000000e+002  2.5952228e-002
  4.0400000e+002  2.4366393e-002
  4.0800000e+002  2.2075472e-002
  4.1200000e+002  1.9776672e-002
  4.1600000e+002  1.9511660e-002
  4.2000000e+002  1.9101983e-002
  4.2400000e+002  1.6673047e-002
  4.2800000e+002  1.6042038e-002
  4.3200000e+002  1.5979473e-002
  4.3600000e+002  1.7022216e-002
  4.4000000e+002  2.0849364e-002
  4.4400000e+002  2.2366412e-002
  4.4800000e+002  2.2348894e-002
  4.5200000e+002  2.2617801e-002
  4.5600000e+002  2.3148971e-002
  4.6000000e+002  2.5247639e-002
  4.6400000e+002  2.8551203e-002
  4.6800000e+002  3.2319902e-002
  4.7200000e+002  3.7142857e-002
  4.7600000e+002  4.0651341e-002
  4.8000000e+002  4.4944257e-002
  4.8400000e+002  5.1198928e-002
  4.8800000e+002  5.5983989e-002
  4.9200000e+002  6.0710456e-002
  4.9600000e+002  6.4800861e-002
  5.0000000e+002  6.4808588e-002
  5.0400000e+002  6.4326304e-002
  5.0800000e+002  6.6374231e-002
  5.1200000e+002  6.7145373e-002
  5.1600000e+002  6.5336134e-002
  5.2000000e+002  6.1774054e-002
  5.2400000e+002  5.6052061e-002
  5.2800000e+002  4.8447643e-002
  5.3200000e+002  4.3141436e-002
  5.3600000e+002  3.8300616e-002
  5.4000000e+002  3.0674187e-002
  5.4400000e+002  2.4496997e-002
  5.4800000e+002  2.1921871e-002
  5.5200000e+002  1.9826355e-002
  5.5600000e+002  1.6779145e-002
  5.6000000e+002  1.3887720e-002
  5.6400000e+002  1.1530290e-002
  5.6800000e+002  1.0170202e-002
  5.7200000e+002  9.1542915e-003
  5.7600000e+002  8.3962617e-003
  5.8000000e+002  7.9474506e-003
  5.8400000e+002  7.4573603e-003
  5.8800000e+002  6.7523006e-003
  5.9200000e+002  5.9505353e-003
  5.9600000e+002  5.5320173e-003
  6.0000000e+002  5.5609817e-003
  6.0400000e+002  5.6647399e-003
  6.0800000e+002  5.4346103e-003
  6.1200000e+002  5.2617663e-003
  6.1600000e+002  5.1712513e-003
  6.2000000e+002  5.1498751e-003
  6.2400000e+002  5.2574833e-003
  6.2800000e+002  5.4954955e-003
  6.3200000e+002  5.6830350e-003
  6.3600000e+002  5.7952974e-003
  6.4000000e+002  5.8078735e-003
  6.4400000e+002  6.0106383e-003
  6.4800000e+002  6.4361022e-003
  6.5200000e+002  6.9211701e-003
  6.5600000e+002  6.8763938e-003
  6.6000000e+002  6.8759714e-003
  6.6400000e+002  7.5031686e-003
  6.6800000e+002  7.9654667e-003
  6.7200000e+002  8.5871928e-003
  6.7600000e+002  9.2991914e-003
  6.8000000e+002  9.7479782e-003
  6.8400000e+002  1.0372058e-002
  6.8800000e+002  1.1731656e-002
  6.9200000e+002  1.2045648e-002
  6.9600000e+002  1.1825223e-002
  7.0000000e+002  1.3296530e-002
  7.0400000e+002  1.7119704e-002
  7.0800000e+002  2.1815192e-002
  7.1200000e+002  2.5370052e-002
  7.1600000e+002  2.7626486e-002
  7.2000000e+002  2.8822777e-002
  7.2400000e+002  3.1637087e-002
  7.2800000e+002  3.8436410e-002
  7.3200000e+002  4.8512369e-002
  7.3600000e+002  5.9777081e-002
  7.4000000e+002  7.2566064e-002
  7.4400000e+002  8.5558953e-002
  7.4800000e+002  9.0995991e-002
  7.5200000e+002  9.0548456e-002
  7.5600000e+002  9.2804030e-002
  7.6000000e+002  1.0895823e-001
  7.6400000e+002  1.2342976e-001
  7.6800000e+002  1.3721937e-001
  7.7200000e+002  1.5477781e-001
  7.7600000e+002  1.8316195e-001
  7.8000000e+002  2.0698455e-001
