 380.000000 0.001333
 384.000000 0.001579
 388.000000 0.001913
 392.000000 0.002275
 396.000000 0.002608
 400.000000 0.003053
 404.000000 0.003379
 408.000000 0.003782
 412.000000 0.004165
 416.000000 0.004465
 420.000000 0.004687
 424.000000 0.004854
 428.000000 0.004872
 432.000000 0.004953
 436.000000 0.005078
 440.000000 0.005229
 444.000000 0.005329
 448.000000 0.005356
 452.000000 0.005322
 456.000000 0.005323
 460.000000 0.005291
 464.000000 0.005270
 468.000000 0.005162
 472.000000 0.004876
 476.000000 0.004641
 480.000000 0.004333
 484.000000 0.004019
 488.000000 0.003819
 492.000000 0.003603
 496.000000 0.003393
 500.000000 0.003218
 504.000000 0.002994
 508.000000 0.002777
 512.000000 0.002591
 516.000000 0.002375
 520.000000 0.002180
 524.000000 0.002018
 528.000000 0.001886
 532.000000 0.001785
 536.000000 0.001693
 540.000000 0.001587
 544.000000 0.001493
 548.000000 0.001415
 552.000000 0.001328
 556.000000 0.001258
 560.000000 0.001195
 564.000000 0.001116
 568.000000 0.001049
 572.000000 0.001011
 576.000000 0.000971
 580.000000 0.000926
 584.000000 0.000879
 588.000000 0.000831
 592.000000 0.000779
 596.000000 0.000737
 600.000000 0.000702
 604.000000 0.000667
 608.000000 0.000631
 612.000000 0.000596
 616.000000 0.000562
 620.000000 0.000531
 624.000000 0.000506
 628.000000 0.000487
 632.000000 0.000462
 636.000000 0.000439
 640.000000 0.000421
 644.000000 0.000407
 648.000000 0.000394
 652.000000 0.000378
 656.000000 0.000367
 660.000000 0.000357
 664.000000 0.000349
 668.000000 0.000348
 672.000000 0.000335
 676.000000 0.000315
 680.000000 0.000280
 684.000000 0.000270
 688.000000 0.000252
 692.000000 0.000236
 696.000000 0.000219
 700.000000 0.000201
 704.000000 0.000186
 708.000000 0.000178
 712.000000 0.000170
 716.000000 0.000162
 720.000000 0.000155
 724.000000 0.000147
 728.000000 0.000146
 732.000000 0.000148
 736.000000 0.000148
 740.000000 0.000156
 744.000000 0.000157
 748.000000 0.000158
 752.000000 0.000166
 756.000000 0.000168
 760.000000 0.000170
 764.000000 0.000168
 768.000000 0.000166
 772.000000 0.000167
 776.000000 0.000158
 780.000000 0.000161
