 380.000000 0.000305
 384.000000 0.000287
 388.000000 0.000276
 392.000000 0.000303
 396.000000 0.000315
 400.000000 0.000340
 404.000000 0.000360
 408.000000 0.000371
 412.000000 0.000390
 416.000000 0.000400
 420.000000 0.000408
 424.000000 0.000399
 428.000000 0.000389
 432.000000 0.000393
 436.000000 0.000393
 440.000000 0.000395
 444.000000 0.000392
 448.000000 0.000400
 452.000000 0.000400
 456.000000 0.000398
 460.000000 0.000410
 464.000000 0.000419
 468.000000 0.000434
 472.000000 0.000462
 476.000000 0.000495
 480.000000 0.000547
 484.000000 0.000643
 488.000000 0.000755
 492.000000 0.000879
 496.000000 0.001009
 500.000000 0.001111
 504.000000 0.001211
 508.000000 0.001280
 512.000000 0.001334
 516.000000 0.001349
 520.000000 0.001324
 524.000000 0.001280
 528.000000 0.001235
 532.000000 0.001197
 536.000000 0.001153
 540.000000 0.001110
 544.000000 0.001074
 548.000000 0.001050
 552.000000 0.001019
 556.000000 0.001009
 560.000000 0.001006
 564.000000 0.001030
 568.000000 0.001111
 572.000000 0.001259
 576.000000 0.001504
 580.000000 0.001983
 584.000000 0.002565
 588.000000 0.003318
 592.000000 0.004420
 596.000000 0.005734
 600.000000 0.007148
 604.000000 0.008689
 608.000000 0.010490
 612.000000 0.011950
 616.000000 0.013380
 620.000000 0.014870
 624.000000 0.016270
 628.000000 0.017380
 632.000000 0.018190
 636.000000 0.018810
 640.000000 0.019270
 644.000000 0.019690
 648.000000 0.020030
 652.000000 0.020220
 656.000000 0.020280
 660.000000 0.020260
 664.000000 0.020160
 668.000000 0.020180
 672.000000 0.019780
 676.000000 0.018520
 680.000000 0.017290
 684.000000 0.016860
 688.000000 0.016330
 692.000000 0.015710
 696.000000 0.014820
 700.000000 0.013790
 704.000000 0.012810
 708.000000 0.012260
 712.000000 0.011720
 716.000000 0.011110
 720.000000 0.010660
 724.000000 0.010450
 728.000000 0.010340
 732.000000 0.010410
 736.000000 0.010620
 740.000000 0.010920
 744.000000 0.011190
 748.000000 0.011510
 752.000000 0.011880
 756.000000 0.012180
 760.000000 0.012330
 764.000000 0.012370
 768.000000 0.012200
 772.000000 0.011770
 776.000000 0.011320
 780.000000 0.011090
