 380.000000 0.000424
 384.000000 0.000412
 388.000000 0.000432
 392.000000 0.000469
 396.000000 0.000503
 400.000000 0.000571
 404.000000 0.000623
 408.000000 0.000699
 412.000000 0.000775
 416.000000 0.000847
 420.000000 0.000932
 424.000000 0.001001
 428.000000 0.001054
 432.000000 0.001132
 436.000000 0.001221
 440.000000 0.001337
 444.000000 0.001436
 448.000000 0.001512
 452.000000 0.001576
 456.000000 0.001637
 460.000000 0.001694
 464.000000 0.001749
 468.000000 0.001786
 472.000000 0.001808
 476.000000 0.001851
 480.000000 0.001885
 484.000000 0.001949
 488.000000 0.002058
 492.000000 0.002180
 496.000000 0.002330
 500.000000 0.002501
 504.000000 0.002707
 508.000000 0.002942
 512.000000 0.003233
 516.000000 0.003590
 520.000000 0.003967
 524.000000 0.004414
 528.000000 0.005077
 532.000000 0.005707
 536.000000 0.006324
 540.000000 0.007072
 544.000000 0.007885
 548.000000 0.008754
 552.000000 0.009660
 556.000000 0.010520
 560.000000 0.011250
 564.000000 0.011810
 568.000000 0.012340
 572.000000 0.012860
 576.000000 0.013300
 580.000000 0.013660
 584.000000 0.013810
 588.000000 0.013810
 592.000000 0.013690
 596.000000 0.013520
 600.000000 0.013390
 604.000000 0.013220
 608.000000 0.012890
 612.000000 0.012510
 616.000000 0.012130
 620.000000 0.011770
 624.000000 0.011510
 628.000000 0.011260
 632.000000 0.010930
 636.000000 0.010540
 640.000000 0.010280
 644.000000 0.010120
 648.000000 0.010020
 652.000000 0.009920
 656.000000 0.009862
 660.000000 0.009763
 664.000000 0.009700
 668.000000 0.009679
 672.000000 0.009526
 676.000000 0.008958
 680.000000 0.008374
 684.000000 0.008190
 688.000000 0.007954
 692.000000 0.007679
 696.000000 0.007312
 700.000000 0.006853
 704.000000 0.006419
 708.000000 0.006232
 712.000000 0.006049
 716.000000 0.005817
 720.000000 0.005643
 724.000000 0.005606
 728.000000 0.005625
 732.000000 0.005703
 736.000000 0.005899
 740.000000 0.006157
 744.000000 0.006365
 748.000000 0.006606
 752.000000 0.006836
 756.000000 0.007016
 760.000000 0.007087
 764.000000 0.007105
 768.000000 0.006993
 772.000000 0.006707
 776.000000 0.006425
 780.000000 0.006258
