  3.8000000e+002  1.5298738e-001
  3.8400000e+002  1.7848797e-001
  3.8800000e+002  1.9569672e-001
  3.9200000e+002  2.0295523e-001
  3.9600000e+002  2.1445153e-001
  4.0000000e+002  2.4426098e-001
  4.0400000e+002  2.5752746e-001
  4.0800000e+002  2.6810004e-001
  4.1200000e+002  2.6685053e-001
  4.1600000e+002  2.8491084e-001
  4.2000000e+002  3.0070822e-001
  4.2400000e+002  2.7386422e-001
  4.2800000e+002  2.6955414e-001
  4.3200000e+002  2.6938672e-001
  4.3600000e+002  2.8296739e-001
  4.4000000e+002  3.3501036e-001
  4.4400000e+002  3.4439225e-001
  4.4800000e+002  3.2784674e-001
  4.5200000e+002  3.1251558e-001
  4.5600000e+002  3.0460711e-001
  4.6000000e+002  3.1283114e-001
  4.6400000e+002  3.3447381e-001
  4.6800000e+002  3.5677656e-001
  4.7200000e+002  3.7933673e-001
  4.7600000e+002  3.8735632e-001
  4.8000000e+002  3.9732953e-001
  4.8400000e+002  4.1781648e-001
  4.8800000e+002  4.2948632e-001
  4.9200000e+002  4.4262735e-001
  4.9600000e+002  4.5290635e-001
  5.0000000e+002  4.4270564e-001
  5.0400000e+002  4.3250410e-001
  5.0800000e+002  4.4546288e-001
  5.1200000e+002  4.5671318e-001
  5.1600000e+002  4.6022409e-001
  5.2000000e+002  4.5868246e-001
  5.2400000e+002  4.4381779e-001
  5.2800000e+002  4.2040644e-001
  5.3200000e+002  4.1250888e-001
  5.3600000e+002  4.0277977e-001
  5.4000000e+002  3.6113349e-001
  5.4400000e+002  3.2294795e-001
  5.4800000e+002  3.2492814e-001
  5.5200000e+002  3.3342669e-001
  5.5600000e+002  3.1613885e-001
  5.6000000e+002  2.8963976e-001
  5.6400000e+002  2.6571392e-001
  5.6800000e+002  2.5555697e-001
  5.7200000e+002  2.4711805e-001
  5.7600000e+002  2.3841745e-001
  5.8000000e+002  2.3978928e-001
  5.8400000e+002  2.3391498e-001
  5.8800000e+002  2.1982362e-001
  5.9200000e+002  2.0310078e-001
  5.9600000e+002  1.9145402e-001
  6.0000000e+002  1.9411470e-001
  6.0400000e+002  1.9858119e-001
  6.0800000e+002  1.9332893e-001
  6.1200000e+002  1.8717610e-001
  6.1600000e+002  1.8474919e-001
  6.2000000e+002  1.8434638e-001
  6.2400000e+002  1.8446588e-001
  6.2800000e+002  1.8913011e-001
  6.3200000e+002  1.9141808e-001
  6.3600000e+002  1.8643000e-001
  6.4000000e+002  1.8267214e-001
  6.4400000e+002  1.8215805e-001
  6.4800000e+002  1.9239617e-001
  6.5200000e+002  2.0145431e-001
  6.5600000e+002  1.9503026e-001
  6.6000000e+002  1.9202673e-001
  6.6400000e+002  1.9740177e-001
  6.6800000e+002  2.0775371e-001
  6.7200000e+002  2.1392744e-001
  6.7600000e+002  2.1938904e-001
  6.8000000e+002  2.2057551e-001
  6.8400000e+002  2.2327259e-001
  6.8800000e+002  2.4547170e-001
  6.9200000e+002  2.4665102e-001
  6.9600000e+002  2.2313803e-001
  7.0000000e+002  2.4078414e-001
  7.0400000e+002  2.9019050e-001
  7.0800000e+002  3.3308122e-001
  7.1200000e+002  3.4922547e-001
  7.1600000e+002  3.4359932e-001
  7.2000000e+002  3.2482406e-001
  7.2400000e+002  3.2080783e-001
  7.2800000e+002  3.4693942e-001
  7.3200000e+002  3.8996950e-001
  7.3600000e+002  4.3009404e-001
  7.4000000e+002  4.6860223e-001
  7.4400000e+002  4.9660211e-001
  7.4800000e+002  4.8529140e-001
  7.5200000e+002  4.4944089e-001
  7.5600000e+002  4.2969537e-001
  7.6000000e+002  4.7040765e-001
  7.6400000e+002  5.0049518e-001
  7.6800000e+002  5.2629159e-001
  7.7200000e+002  5.5701423e-001
  7.7600000e+002  6.0594473e-001
  7.8000000e+002  6.4167226e-001
