 380.000000 0.001092
 384.000000 0.001161
 388.000000 0.001323
 392.000000 0.001474
 396.000000 0.001596
 400.000000 0.001842
 404.000000 0.001979
 408.000000 0.002180
 412.000000 0.002377
 416.000000 0.002542
 420.000000 0.002701
 424.000000 0.002831
 428.000000 0.002924
 432.000000 0.003056
 436.000000 0.003238
 440.000000 0.003472
 444.000000 0.003658
 448.000000 0.003814
 452.000000 0.003913
 456.000000 0.004024
 460.000000 0.004148
 464.000000 0.004254
 468.000000 0.004315
 472.000000 0.004311
 476.000000 0.004350
 480.000000 0.004344
 484.000000 0.004415
 488.000000 0.004598
 492.000000 0.004769
 496.000000 0.004978
 500.000000 0.005214
 504.000000 0.005470
 508.000000 0.005804
 512.000000 0.006196
 516.000000 0.006626
 520.000000 0.007101
 524.000000 0.007651
 528.000000 0.008479
 532.000000 0.009263
 536.000000 0.009990
 540.000000 0.010830
 544.000000 0.011750
 548.000000 0.012720
 552.000000 0.013690
 556.000000 0.014620
 560.000000 0.015380
 564.000000 0.015900
 568.000000 0.016440
 572.000000 0.016980
 576.000000 0.017480
 580.000000 0.017880
 584.000000 0.018010
 588.000000 0.018010
 592.000000 0.017850
 596.000000 0.017680
 600.000000 0.017550
 604.000000 0.017380
 608.000000 0.016990
 612.000000 0.016540
 616.000000 0.016070
 620.000000 0.015660
 624.000000 0.015360
 628.000000 0.015070
 632.000000 0.014660
 636.000000 0.014150
 640.000000 0.013840
 644.000000 0.013660
 648.000000 0.013540
 652.000000 0.013440
 656.000000 0.013370
 660.000000 0.013250
 664.000000 0.013130
 668.000000 0.013110
 672.000000 0.012870
 676.000000 0.012030
 680.000000 0.011210
 684.000000 0.010980
 688.000000 0.010670
 692.000000 0.010230
 696.000000 0.009701
 700.000000 0.009062
 704.000000 0.008480
 708.000000 0.008178
 712.000000 0.007902
 716.000000 0.007583
 720.000000 0.007333
 724.000000 0.007227
 728.000000 0.007211
 732.000000 0.007305
 736.000000 0.007550
 740.000000 0.007872
 744.000000 0.008109
 748.000000 0.008391
 752.000000 0.008666
 756.000000 0.008885
 760.000000 0.008972
 764.000000 0.009005
 768.000000 0.008881
 772.000000 0.008534
 776.000000 0.008159
 780.000000 0.007987
