 380.000000 0.003236
 384.000000 0.003925
 388.000000 0.004817
 392.000000 0.005753
 396.000000 0.006555
 400.000000 0.007611
 404.000000 0.008313
 408.000000 0.009145
 412.000000 0.009904
 416.000000 0.010370
 420.000000 0.010600
 424.000000 0.010720
 428.000000 0.010560
 432.000000 0.010600
 436.000000 0.010880
 440.000000 0.011290
 444.000000 0.011710
 448.000000 0.012120
 452.000000 0.012510
 456.000000 0.013000
 460.000000 0.013550
 464.000000 0.014140
 468.000000 0.014580
 472.000000 0.014840
 476.000000 0.015130
 480.000000 0.015290
 484.000000 0.015560
 488.000000 0.016070
 492.000000 0.016480
 496.000000 0.016790
 500.000000 0.017070
 504.000000 0.017090
 508.000000 0.016970
 512.000000 0.016810
 516.000000 0.016400
 520.000000 0.015850
 524.000000 0.015320
 528.000000 0.014860
 532.000000 0.014470
 536.000000 0.014030
 540.000000 0.013410
 544.000000 0.012880
 548.000000 0.012400
 552.000000 0.011880
 556.000000 0.011400
 560.000000 0.010990
 564.000000 0.010490
 568.000000 0.010040
 572.000000 0.009799
 576.000000 0.009549
 580.000000 0.009201
 584.000000 0.008893
 588.000000 0.008574
 592.000000 0.008232
 596.000000 0.007935
 600.000000 0.007737
 604.000000 0.007540
 608.000000 0.007301
 612.000000 0.007057
 616.000000 0.006833
 620.000000 0.006631
 624.000000 0.006499
 628.000000 0.006399
 632.000000 0.006253
 636.000000 0.006048
 640.000000 0.005974
 644.000000 0.005984
 648.000000 0.006001
 652.000000 0.006082
 656.000000 0.006104
 660.000000 0.006166
 664.000000 0.006232
 668.000000 0.006366
 672.000000 0.006397
 676.000000 0.006107
 680.000000 0.005866
 684.000000 0.005857
 688.000000 0.005837
 692.000000 0.005761
 696.000000 0.005621
 700.000000 0.005321
 704.000000 0.005068
 708.000000 0.005045
 712.000000 0.005055
 716.000000 0.005053
 720.000000 0.005071
 724.000000 0.005228
 728.000000 0.005458
 732.000000 0.005746
 736.000000 0.006161
 740.000000 0.006720
 744.000000 0.007283
 748.000000 0.007841
 752.000000 0.008426
 756.000000 0.008928
 760.000000 0.009326
 764.000000 0.009582
 768.000000 0.009706
 772.000000 0.009569
 776.000000 0.009423
 780.000000 0.009543
