  3.8000000e+002  6.3556296e-002
  3.8400000e+002  7.2394044e-002
  3.8800000e+002  7.8442623e-002
  3.9200000e+002  8.0534419e-002
  3.9600000e+002  8.5221514e-002
  4.0000000e+002  9.7899968e-002
  4.0400000e+002  1.0468823e-001
  4.0800000e+002  1.1067720e-001
  4.1200000e+002  1.1212162e-001
  4.1600000e+002  1.2253772e-001
  4.2000000e+002  1.3286119e-001
  4.2400000e+002  1.2387698e-001
  4.2800000e+002  1.2412739e-001
  4.3200000e+002  1.2548150e-001
  4.3600000e+002  1.3198649e-001
  4.4000000e+002  1.5470553e-001
  4.4400000e+002  1.5640047e-001
  4.4800000e+002  1.4454938e-001
  4.5200000e+002  1.3267265e-001
  4.5600000e+002  1.2447381e-001
  4.6000000e+002  1.2190739e-001
  4.6400000e+002  1.2433931e-001
  4.6800000e+002  1.2598291e-001
  4.7200000e+002  1.2442602e-001
  4.7600000e+002  1.1858238e-001
  4.8000000e+002  1.1235416e-001
  4.8400000e+002  1.0772940e-001
  4.8800000e+002  1.0190794e-001
  4.9200000e+002  9.6595174e-002
  4.9600000e+002  9.1307858e-002
  5.0000000e+002  8.3251423e-002
  5.0400000e+002  7.5691375e-002
  5.0800000e+002  7.2790363e-002
  5.1200000e+002  7.0180192e-002
  5.1600000e+002  6.6498599e-002
  5.2000000e+002  6.2987576e-002
  5.2400000e+002  5.8380333e-002
  5.2800000e+002  5.3217612e-002
  5.3200000e+002  5.0760483e-002
  5.3600000e+002  4.8559966e-002
  5.4000000e+002  4.2640344e-002
  5.4400000e+002  3.7374875e-002
  5.4800000e+002  3.6948001e-002
  5.5200000e+002  3.7151659e-002
  5.5600000e+002  3.4794634e-002
  5.6000000e+002  3.1383119e-002
  5.6400000e+002  2.8190211e-002
  5.6800000e+002  2.6673441e-002
  5.7200000e+002  2.5446766e-002
  5.7600000e+002  2.4271651e-002
  5.8000000e+002  2.4069979e-002
  5.8400000e+002  2.3059564e-002
  5.8800000e+002  2.1276840e-002
  5.9200000e+002  1.9164513e-002
  5.9600000e+002  1.7756379e-002
  6.0000000e+002  1.7568244e-002
  6.0400000e+002  1.7523647e-002
  6.0800000e+002  1.6701453e-002
  6.1200000e+002  1.5798519e-002
  6.1600000e+002  1.5214401e-002
  6.2000000e+002  1.4737719e-002
  6.2400000e+002  1.4392112e-002
  6.2800000e+002  1.4381923e-002
  6.3200000e+002  1.4202233e-002
  6.3600000e+002  1.3436299e-002
  6.4000000e+002  1.2746618e-002
  6.4400000e+002  1.2322188e-002
  6.4800000e+002  1.2615016e-002
  6.5200000e+002  1.2530160e-002
  6.5600000e+002  1.1674100e-002
  6.6000000e+002  1.1098850e-002
  6.6400000e+002  1.1104246e-002
  6.6800000e+002  1.1285226e-002
  6.7200000e+002  1.1225548e-002
  6.7600000e+002  1.1232704e-002
  6.8000000e+002  1.0667670e-002
  6.8400000e+002  1.0229689e-002
  6.8800000e+002  1.0593291e-002
  6.9200000e+002  1.0153584e-002
  6.9600000e+002  8.7527309e-003
  7.0000000e+002  9.0986931e-003
  7.0400000e+002  1.0449247e-002
  7.0800000e+002  1.1729694e-002
  7.1200000e+002  1.1493976e-002
  7.1600000e+002  1.1011885e-002
  7.2000000e+002  9.8592450e-003
  7.2400000e+002  9.0483476e-003
  7.2800000e+002  9.3244529e-003
  7.3200000e+002  9.9932226e-003
  7.3600000e+002  1.0477186e-002
  7.4000000e+002  1.0740612e-002
  7.4400000e+002  1.0628610e-002
  7.4800000e+002  9.8982424e-003
  7.5200000e+002  8.7619808e-003
  7.5600000e+002  7.8987767e-003
  7.6000000e+002  8.5153498e-003
  7.6400000e+002  8.7646599e-003
  7.6800000e+002  8.9613200e-003
  7.7200000e+002  9.6369445e-003
  7.7600000e+002  1.0324550e-002
  7.8000000e+002  1.0678308e-002
