  3.8000000e+002  8.0480838e-002
  3.8400000e+002  8.6735395e-002
  3.8800000e+002  8.9282787e-002
  3.9200000e+002  8.6975757e-002
  3.9600000e+002  8.9292137e-002
  4.0000000e+002  9.8877845e-002
  4.0400000e+002  1.0259941e-001
  4.0800000e+002  1.0587977e-001
  4.1200000e+002  1.0457420e-001
  4.1600000e+002  1.1135802e-001
  4.2000000e+002  1.1740793e-001
  4.2400000e+002  1.0729964e-001
  4.2800000e+002  1.0535032e-001
  4.3200000e+002  1.0465028e-001
  4.3600000e+002  1.0861375e-001
  4.4000000e+002  1.2598402e-001
  4.4400000e+002  1.2617440e-001
  4.4800000e+002  1.1650027e-001
  4.5200000e+002  1.0726751e-001
  4.5600000e+002  1.0112254e-001
  4.6000000e+002  1.0048376e-001
  4.6400000e+002  1.0398773e-001
  4.6800000e+002  1.0755800e-001
  4.7200000e+002  1.0991071e-001
  4.7600000e+002  1.0849298e-001
  4.8000000e+002  1.0728546e-001
  4.8400000e+002  1.0825184e-001
  4.8800000e+002  1.0755170e-001
  4.9200000e+002  1.0739946e-001
  4.9600000e+002  1.0721206e-001
  5.0000000e+002  1.0263839e-001
  5.0400000e+002  9.9065539e-002
  5.0800000e+002  1.0158439e-001
  5.1200000e+002  1.0456578e-001
  5.1600000e+002  1.0690476e-001
  5.2000000e+002  1.0952037e-001
  5.2400000e+002  1.0950108e-001
  5.2800000e+002  1.0790291e-001
  5.3200000e+002  1.1073205e-001
  5.3600000e+002  1.1345465e-001
  5.4000000e+002  1.0721193e-001
  5.4400000e+002  1.0111361e-001
  5.4800000e+002  1.0798275e-001
  5.5200000e+002  1.1954908e-001
  5.5600000e+002  1.2350989e-001
  5.6000000e+002  1.2413884e-001
  5.6400000e+002  1.2777286e-001
  5.6800000e+002  1.4219484e-001
  5.7200000e+002  1.5950164e-001
  5.7600000e+002  1.8235514e-001
  5.8000000e+002  2.2946150e-001
  5.8400000e+002  2.7210706e-001
  5.8800000e+002  3.0674847e-001
  5.9200000e+002  3.4256183e-001
  5.9600000e+002  3.8252287e-001
  6.0000000e+002  4.4390183e-001
  6.0400000e+002  5.1116658e-001
  6.0800000e+002  5.5812417e-001
  6.1200000e+002  5.8884188e-001
  6.1600000e+002  6.2473031e-001
  6.2000000e+002  6.6569525e-001
  6.2400000e+002  7.0009930e-001
  6.2800000e+002  7.4213558e-001
  6.3200000e+002  7.7344348e-001
  6.3600000e+002  7.7132319e-001
  6.4000000e+002  7.5938592e-001
  6.4400000e+002  7.6018237e-001
  6.4800000e+002  8.0303514e-001
  6.5200000e+002  8.3341596e-001
  6.5600000e+002  8.0296273e-001
  6.6000000e+002  7.8147342e-001
  6.6400000e+002  7.8976553e-001
  6.6800000e+002  8.1251018e-001
  6.7200000e+002  8.2009697e-001
  6.7600000e+002  8.2282120e-001
  6.8000000e+002  7.9913485e-001
  6.8400000e+002  7.8967350e-001
  6.8800000e+002  8.4779874e-001
  6.9200000e+002  8.2743174e-001
  6.9600000e+002  7.2651440e-001
  7.0000000e+002  7.6408292e-001
  7.0400000e+002  8.9422804e-001
  7.0800000e+002  9.9112134e-001
  7.1200000e+002  9.9311532e-001
  7.1600000e+002  9.3140917e-001
  7.2000000e+002  8.4069098e-001
  7.2400000e+002  7.8977968e-001
  7.2800000e+002  8.0907073e-001
  7.3200000e+002  8.6987462e-001
  7.3600000e+002  9.0909091e-001
  7.4000000e+002  9.3776078e-001
  7.4400000e+002  9.4461434e-001
  7.4800000e+002  8.8220783e-001
  7.5200000e+002  7.8567625e-001
  7.5600000e+002  7.2655313e-001
  7.6000000e+002  7.7226975e-001
  7.6400000e+002  8.0036487e-001
  7.6800000e+002  8.2147687e-001
  7.7200000e+002  8.4896892e-001
  7.7600000e+002  8.9685090e-001
  7.8000000e+002  9.2545332e-001
