  3.8000000e+002  2.0771245e-002
  3.8400000e+002  2.2627721e-002
  3.8800000e+002  2.3579918e-002
  3.9200000e+002  2.3723235e-002
  3.9600000e+002  2.5054765e-002
  4.0000000e+002  2.8459442e-002
  4.0400000e+002  3.0850998e-002
  4.0800000e+002  3.3464970e-002
  4.1200000e+002  3.4736984e-002
  4.1600000e+002  3.9355281e-002
  4.2000000e+002  4.4008499e-002
  4.2400000e+002  4.1960184e-002
  4.2800000e+002  4.3503185e-002
  4.3200000e+002  4.5210340e-002
  4.3600000e+002  4.8434455e-002
  4.4000000e+002  5.7028707e-002
  4.4400000e+002  5.7002349e-002
  4.4800000e+002  5.1011873e-002
  4.5200000e+002  4.4490152e-002
  4.5600000e+002  3.9312442e-002
  4.6000000e+002  3.5360516e-002
  4.6400000e+002  3.2857480e-002
  4.6800000e+002  2.9914530e-002
  4.7200000e+002  2.5502551e-002
  4.7600000e+002  2.1085568e-002
  4.8000000e+002  1.6927664e-002
  4.8400000e+002  1.3433356e-002
  4.8800000e+002  1.0857905e-002
  4.9200000e+002  8.7801609e-003
  4.9600000e+002  7.2201292e-003
  5.0000000e+002  5.9247284e-003
  5.0400000e+002  4.8541483e-003
  5.0800000e+002  4.2726201e-003
  5.1200000e+002  3.8599106e-003
  5.1600000e+002  3.4383754e-003
  5.2000000e+002  3.1175961e-003
  5.2400000e+002  2.8498915e-003
  5.2800000e+002  2.5609653e-003
  5.3200000e+002  2.4253021e-003
  5.3600000e+002  2.3443187e-003
  5.4000000e+002  2.1118721e-003
  5.4400000e+002  1.9164164e-003
  5.4800000e+002  1.9544029e-003
  5.5200000e+002  2.0512533e-003
  5.5600000e+002  2.0045637e-003
  5.6000000e+002  1.8979753e-003
  5.6400000e+002  1.8100417e-003
  5.6800000e+002  1.8129049e-003
  5.7200000e+002  1.8121067e-003
  5.7600000e+002  1.8185670e-003
  5.8000000e+002  1.9462799e-003
  5.8400000e+002  1.9780897e-003
  5.8800000e+002  1.9147495e-003
  5.9200000e+002  1.8476683e-003
  5.9600000e+002  1.8415985e-003
  6.0000000e+002  1.9417731e-003
  6.0400000e+002  2.0719916e-003
  6.0800000e+002  2.0562748e-003
  6.1200000e+002  2.0834215e-003
  6.1600000e+002  2.1080097e-003
  6.2000000e+002  2.1873439e-003
  6.2400000e+002  2.2976309e-003
  6.2800000e+002  2.4136760e-003
  6.3200000e+002  2.5057366e-003
  6.3600000e+002  2.5593976e-003
  6.4000000e+002  2.5988752e-003
  6.4400000e+002  2.6737082e-003
  6.4800000e+002  2.9571885e-003
  6.5200000e+002  3.2123616e-003
  6.5600000e+002  3.2072316e-003
  6.6000000e+002  3.2157289e-003
  6.6400000e+002  3.4679975e-003
  6.6800000e+002  3.7563121e-003
  6.7200000e+002  4.0227387e-003
  6.7600000e+002  4.2911051e-003
  6.8000000e+002  4.5796502e-003
  6.8400000e+002  4.8576310e-003
  6.8800000e+002  5.4758910e-003
  6.9200000e+002  5.8532423e-003
  6.9600000e+002  5.5749752e-003
  7.0000000e+002  6.5119423e-003
  7.0400000e+002  8.4958772e-003
  7.0800000e+002  1.0466952e-002
  7.1200000e+002  1.1827883e-002
  7.1600000e+002  1.2373514e-002
  7.2000000e+002  1.2357646e-002
  7.2400000e+002  1.2714198e-002
  7.2800000e+002  1.4199175e-002
  7.3200000e+002  1.6502880e-002
  7.3600000e+002  1.8683386e-002
  7.4000000e+002  2.0761474e-002
  7.4400000e+002  2.2422698e-002
  7.4800000e+002  2.2115325e-002
  7.5200000e+002  2.0601704e-002
  7.5600000e+002  1.9656992e-002
  7.6000000e+002  2.1421741e-002
  7.6400000e+002  2.2752150e-002
  7.6800000e+002  2.3713822e-002
  7.7200000e+002  2.4841708e-002
  7.7600000e+002  2.7088689e-002
  7.8000000e+002  2.8354600e-002
