 380.000000 0.004749
 384.000000 0.005763
 388.000000 0.007404
 392.000000 0.009355
 396.000000 0.011540
 400.000000 0.014170
 404.000000 0.016410
 408.000000 0.019050
 412.000000 0.021520
 416.000000 0.023660
 420.000000 0.025120
 424.000000 0.026100
 428.000000 0.026310
 432.000000 0.026690
 436.000000 0.027330
 440.000000 0.028040
 444.000000 0.028560
 448.000000 0.028800
 452.000000 0.028780
 456.000000 0.029070
 460.000000 0.029380
 464.000000 0.029880
 468.000000 0.030030
 472.000000 0.029560
 476.000000 0.029280
 480.000000 0.028630
 484.000000 0.028180
 488.000000 0.028210
 492.000000 0.028060
 496.000000 0.027990
 500.000000 0.028010
 504.000000 0.027730
 508.000000 0.027450
 512.000000 0.027310
 516.000000 0.026930
 520.000000 0.026510
 524.000000 0.026350
 528.000000 0.026630
 532.000000 0.026850
 536.000000 0.027010
 540.000000 0.027100
 544.000000 0.027350
 548.000000 0.027680
 552.000000 0.027930
 556.000000 0.028270
 560.000000 0.028500
 564.000000 0.028390
 568.000000 0.028480
 572.000000 0.028830
 576.000000 0.029210
 580.000000 0.029450
 584.000000 0.029440
 588.000000 0.029300
 592.000000 0.028990
 596.000000 0.028730
 600.000000 0.028580
 604.000000 0.028370
 608.000000 0.027940
 612.000000 0.027340
 616.000000 0.026720
 620.000000 0.026140
 624.000000 0.025830
 628.000000 0.025460
 632.000000 0.024880
 636.000000 0.024160
 640.000000 0.023710
 644.000000 0.023440
 648.000000 0.023240
 652.000000 0.023030
 656.000000 0.022900
 660.000000 0.022660
 664.000000 0.022420
 668.000000 0.022360
 672.000000 0.021840
 676.000000 0.020400
 680.000000 0.018930
 684.000000 0.018360
 688.000000 0.017660
 692.000000 0.016870
 696.000000 0.015860
 700.000000 0.014660
 704.000000 0.013580
 708.000000 0.012990
 712.000000 0.012380
 716.000000 0.011760
 720.000000 0.011260
 724.000000 0.011040
 728.000000 0.010910
 732.000000 0.010990
 736.000000 0.011240
 740.000000 0.011590
 744.000000 0.011900
 748.000000 0.012230
 752.000000 0.012600
 756.000000 0.012930
 760.000000 0.013020
 764.000000 0.013060
 768.000000 0.012890
 772.000000 0.012430
 776.000000 0.011970
 780.000000 0.011770
