 380.000000 0.000710
 384.000000 0.000685
 388.000000 0.000671
 392.000000 0.000641
 396.000000 0.000599
 400.000000 0.000608
 404.000000 0.000606
 408.000000 0.000622
 412.000000 0.000648
 416.000000 0.000654
 420.000000 0.000658
 424.000000 0.000656
 428.000000 0.000640
 432.000000 0.000607
 436.000000 0.000637
 440.000000 0.000623
 444.000000 0.000644
 448.000000 0.000640
 452.000000 0.000659
 456.000000 0.000654
 460.000000 0.000668
 464.000000 0.000675
 468.000000 0.000701
 472.000000 0.000746
 476.000000 0.000823
 480.000000 0.000945
 484.000000 0.001231
 488.000000 0.001656
 492.000000 0.002260
 496.000000 0.003134
 500.000000 0.004175
 504.000000 0.005563
 508.000000 0.007237
 512.000000 0.009057
 516.000000 0.011180
 520.000000 0.013140
 524.000000 0.015050
 528.000000 0.017330
 532.000000 0.019110
 536.000000 0.020500
 540.000000 0.021790
 544.000000 0.022960
 548.000000 0.024000
 552.000000 0.024860
 556.000000 0.025610
 560.000000 0.026130
 564.000000 0.026260
 568.000000 0.026510
 572.000000 0.026970
 576.000000 0.027420
 580.000000 0.027730
 584.000000 0.027780
 588.000000 0.027680
 592.000000 0.027420
 596.000000 0.027190
 600.000000 0.027050
 604.000000 0.026870
 608.000000 0.026470
 612.000000 0.025900
 616.000000 0.025310
 620.000000 0.024760
 624.000000 0.024460
 628.000000 0.024090
 632.000000 0.023530
 636.000000 0.022780
 640.000000 0.022350
 644.000000 0.022050
 648.000000 0.021830
 652.000000 0.021600
 656.000000 0.021430
 660.000000 0.021190
 664.000000 0.020920
 668.000000 0.020870
 672.000000 0.020380
 676.000000 0.019030
 680.000000 0.017630
 684.000000 0.017150
 688.000000 0.016500
 692.000000 0.015790
 696.000000 0.014850
 700.000000 0.013750
 704.000000 0.012730
 708.000000 0.012170
 712.000000 0.011610
 716.000000 0.011020
 720.000000 0.010520
 724.000000 0.010310
 728.000000 0.010180
 732.000000 0.010240
 736.000000 0.010450
 740.000000 0.010780
 744.000000 0.011030
 748.000000 0.011370
 752.000000 0.011690
 756.000000 0.011950
 760.000000 0.012070
 764.000000 0.012090
 768.000000 0.011920
 772.000000 0.011480
 776.000000 0.011080
 780.000000 0.010830
