  3.8000000e+002  2.0011902e-001
  3.8400000e+002  2.3745704e-001
  3.8800000e+002  2.7217213e-001
  3.9200000e+002  2.9393028e-001
  3.9600000e+002  3.2682688e-001
  4.0000000e+002  3.8602116e-001
  4.0400000e+002  4.2302336e-001
  4.0800000e+002  4.5575545e-001
  4.1200000e+002  4.6656801e-001
  4.1600000e+002  5.1522634e-001
  4.2000000e+002  5.5736544e-001
  4.2400000e+002  5.1620725e-001
  4.2800000e+002  5.1490446e-001
  4.3200000e+002  5.1621896e-001
  4.3600000e+002  5.3943095e-001
  4.4000000e+002  6.2844037e-001
  4.4400000e+002  6.3329419e-001
  4.4800000e+002  5.8472747e-001
  4.5200000e+002  5.3739716e-001
  4.5600000e+002  5.0572965e-001
  4.6000000e+002  4.9953928e-001
  4.6400000e+002  5.1580934e-001
  4.6800000e+002  5.3235653e-001
  4.7200000e+002  5.4400510e-001
  4.7600000e+002  5.3588761e-001
  4.8000000e+002  5.2696396e-001
  4.8400000e+002  5.2846618e-001
  4.8800000e+002  5.1821214e-001
  4.9200000e+002  5.0750670e-001
  4.9600000e+002  4.9448332e-001
  5.0000000e+002  4.6132954e-001
  5.0400000e+002  4.2505367e-001
  5.0800000e+002  4.1050151e-001
  5.1200000e+002  3.9412004e-001
  5.1600000e+002  3.6736695e-001
  5.2000000e+002  3.4007512e-001
  5.2400000e+002  3.0845987e-001
  5.2800000e+002  2.7473892e-001
  5.3200000e+002  2.5701493e-001
  5.3600000e+002  2.4320103e-001
  5.4000000e+002  2.1316143e-001
  5.4400000e+002  1.8826326e-001
  5.4800000e+002  1.8811079e-001
  5.5200000e+002  1.9276012e-001
  5.5600000e+002  1.8430369e-001
  5.6000000e+002  1.7026032e-001
  5.6400000e+002  1.5748071e-001
  5.6800000e+002  1.5296583e-001
  5.7200000e+002  1.4920715e-001
  5.7600000e+002  1.4568224e-001
  5.8000000e+002  1.4958377e-001
  5.8400000e+002  1.4851745e-001
  5.8800000e+002  1.4271472e-001
  5.9200000e+002  1.3540052e-001
  5.9600000e+002  1.3154791e-001
  6.0000000e+002  1.3648886e-001
  6.0400000e+002  1.4243300e-001
  6.0800000e+002  1.4126816e-001
  6.1200000e+002  1.3881544e-001
  6.1600000e+002  1.3872708e-001
  6.2000000e+002  1.4118790e-001
  6.2400000e+002  1.4458788e-001
  6.2800000e+002  1.5207503e-001
  6.3200000e+002  1.5851308e-001
  6.3600000e+002  1.6448440e-001
  6.4000000e+002  1.7227542e-001
  6.4400000e+002  1.8589666e-001
  6.4800000e+002  2.1515974e-001
  6.5200000e+002  2.4625682e-001
  6.5600000e+002  2.6016247e-001
  6.6000000e+002  2.7766553e-001
  6.6400000e+002  3.1097909e-001
  6.6800000e+002  3.5201173e-001
  6.7200000e+002  3.8304631e-001
  6.7600000e+002  4.1743037e-001
  6.8000000e+002  4.4517585e-001
  6.8400000e+002  4.7076689e-001
  6.8800000e+002  5.3186583e-001
  6.9200000e+002  5.4479522e-001
  6.9600000e+002  4.9910626e-001
  7.0000000e+002  5.4416404e-001
  7.0400000e+002  6.5624111e-001
  7.0800000e+002  7.4284775e-001
  7.1200000e+002  7.5834768e-001
  7.1600000e+002  7.1850594e-001
  7.2000000e+002  6.5227127e-001
  7.2400000e+002  6.1413709e-001
  7.2800000e+002  6.3209642e-001
  7.3200000e+002  6.8078617e-001
  7.3600000e+002  7.1717172e-001
  7.4000000e+002  7.4095967e-001
  7.4400000e+002  7.4515800e-001
  7.4800000e+002  6.9688560e-001
  7.5200000e+002  6.2193823e-001
  7.5600000e+002  5.7375870e-001
  7.6000000e+002  6.0946150e-001
  7.6400000e+002  6.3278603e-001
  7.6800000e+002  6.4809305e-001
  7.7200000e+002  6.7179785e-001
  7.7600000e+002  7.1529563e-001
  7.8000000e+002  7.3572868e-001
