 380.000000 0.001938
 384.000000 0.002158
 388.000000 0.002456
 392.000000 0.002808
 396.000000 0.003156
 400.000000 0.003619
 404.000000 0.004005
 408.000000 0.004471
 412.000000 0.004923
 416.000000 0.005312
 420.000000 0.005585
 424.000000 0.005783
 428.000000 0.005840
 432.000000 0.005929
 436.000000 0.006063
 440.000000 0.006201
 444.000000 0.006281
 448.000000 0.006275
 452.000000 0.006168
 456.000000 0.006099
 460.000000 0.005981
 464.000000 0.005911
 468.000000 0.005804
 472.000000 0.005576
 476.000000 0.005382
 480.000000 0.005086
 484.000000 0.004743
 488.000000 0.004485
 492.000000 0.004183
 496.000000 0.003873
 500.000000 0.003559
 504.000000 0.003092
 508.000000 0.002571
 512.000000 0.002085
 516.000000 0.001565
 520.000000 0.001157
 524.000000 0.000857
 528.000000 0.000630
 532.000000 0.000491
 536.000000 0.000403
 540.000000 0.000329
 544.000000 0.000290
 548.000000 0.000258
 552.000000 0.000238
 556.000000 0.000225
 560.000000 0.000217
 564.000000 0.000207
 568.000000 0.000201
 572.000000 0.000196
 576.000000 0.000197
 580.000000 0.000197
 584.000000 0.000199
 588.000000 0.000197
 592.000000 0.000198
 596.000000 0.000209
 600.000000 0.000212
 604.000000 0.000219
 608.000000 0.000219
 612.000000 0.000220
 616.000000 0.000221
 620.000000 0.000225
 624.000000 0.000241
 628.000000 0.000254
 632.000000 0.000280
 636.000000 0.000321
 640.000000 0.000384
 644.000000 0.000476
 648.000000 0.000614
 652.000000 0.000807
 656.000000 0.001027
 660.000000 0.001306
 664.000000 0.001694
 668.000000 0.002184
 672.000000 0.002626
 676.000000 0.003026
 680.000000 0.003565
 684.000000 0.004223
 688.000000 0.004761
 692.000000 0.005198
 696.000000 0.005552
 700.000000 0.005678
 704.000000 0.005740
 708.000000 0.005867
 712.000000 0.005936
 716.000000 0.005849
 720.000000 0.005742
 724.000000 0.005714
 728.000000 0.005714
 732.000000 0.005797
 736.000000 0.005968
 740.000000 0.006199
 744.000000 0.006389
 748.000000 0.006607
 752.000000 0.006836
 756.000000 0.007033
 760.000000 0.007123
 764.000000 0.007167
 768.000000 0.007084
 772.000000 0.006836
 776.000000 0.006580
 780.000000 0.006460
