  3.8000000e+002  1.5353487e-002
  3.8400000e+002  1.4547537e-002
  3.8800000e+002  1.2573770e-002
  3.9200000e+002  1.1321890e-002
  3.9600000e+002  1.0742194e-002
  4.0000000e+002  1.0838410e-002
  4.0400000e+002  1.1066068e-002
  4.0800000e+002  1.0944859e-002
  4.1200000e+002  1.0488363e-002
  4.1600000e+002  1.0917695e-002
  4.2000000e+002  1.1324363e-002
  4.2400000e+002  1.0267994e-002
  4.2800000e+002  9.8611465e-003
  4.3200000e+002  9.8352762e-003
  4.3600000e+002  1.0158503e-002
  4.4000000e+002  1.1624741e-002
  4.4400000e+002  1.1536994e-002
  4.4800000e+002  1.0800054e-002
  4.5200000e+002  9.9551234e-003
  4.5600000e+002  9.3288120e-003
  4.6000000e+002  9.4102741e-003
  4.6400000e+002  9.9162341e-003
  4.6800000e+002  1.0681319e-002
  4.7200000e+002  1.1729592e-002
  4.7600000e+002  1.2634738e-002
  4.8000000e+002  1.4157376e-002
  4.8400000e+002  1.7239116e-002
  4.8800000e+002  2.0100067e-002
  4.9200000e+002  2.3516086e-002
  4.9600000e+002  2.7031755e-002
  5.0000000e+002  2.8634247e-002
  5.0400000e+002  3.0433135e-002
  5.0800000e+002  3.3416263e-002
  5.1200000e+002  3.6038477e-002
  5.1600000e+002  3.7745098e-002
  5.2000000e+002  3.8124819e-002
  5.2400000e+002  3.6861894e-002
  5.2800000e+002  3.4829241e-002
  5.3200000e+002  3.3958778e-002
  5.3600000e+002  3.2984668e-002
  5.4000000e+002  2.9666935e-002
  5.4400000e+002  2.6739239e-002
  5.4800000e+002  2.7292919e-002
  5.5200000e+002  2.8343369e-002
  5.5600000e+002  2.7810815e-002
  5.6000000e+002  2.6479095e-002
  5.6400000e+002  2.6027571e-002
  5.6800000e+002  2.8197637e-002
  5.7200000e+002  3.1714070e-002
  5.7600000e+002  3.7545171e-002
  5.8000000e+002  5.1521852e-002
  5.8400000e+002  6.7200210e-002
  5.8800000e+002  8.4675358e-002
  5.9200000e+002  1.0850252e-001
  5.9600000e+002  1.3789119e-001
  6.0000000e+002  1.7870023e-001
  6.0400000e+002  2.2781135e-001
  6.0800000e+002  2.7648613e-001
  6.1200000e+002  3.1544157e-001
  6.1600000e+002  3.6016721e-001
  6.2000000e+002  4.1215654e-001
  6.2400000e+002  4.6077458e-001
  6.2800000e+002  5.1247969e-001
  6.3200000e+002  5.5545357e-001
  6.3600000e+002  5.7691717e-001
  6.4000000e+002  5.8473932e-001
  6.4400000e+002  5.9756839e-001
  6.4800000e+002  6.3881789e-001
  6.5200000e+002  6.6716245e-001
  6.5600000e+002  6.4510991e-001
  6.6000000e+002  6.2869133e-001
  6.6400000e+002  6.3767427e-001
  6.6800000e+002  6.5645871e-001
  6.7200000e+002  6.6025748e-001
  6.7600000e+002  6.6433064e-001
  6.8000000e+002  6.4886214e-001
  6.8400000e+002  6.3857251e-001
  6.8800000e+002  6.8322851e-001
  6.9200000e+002  6.6851536e-001
  6.9600000e+002  5.8788481e-001
  7.0000000e+002  6.2032447e-001
  7.0400000e+002  7.2675576e-001
  7.0800000e+002  8.0532720e-001
  7.1200000e+002  8.0516351e-001
  7.1600000e+002  7.5348048e-001
  7.2000000e+002  6.8042226e-001
  7.2400000e+002  6.3769890e-001
  7.2800000e+002  6.5429749e-001
  7.3200000e+002  7.0349034e-001
  7.3600000e+002  7.3807036e-001
  7.4000000e+002  7.5799722e-001
  7.4400000e+002  7.5908936e-001
  7.4800000e+002  7.0860315e-001
  7.5200000e+002  6.3099042e-001
  7.5600000e+002  5.8311346e-001
  7.6000000e+002  6.1952693e-001
  7.6400000e+002  6.4373208e-001
  7.6800000e+002  6.5918312e-001
  7.7200000e+002  6.8254429e-001
  7.7600000e+002  7.2589974e-001
  7.8000000e+002  7.4345198e-001
