  3.8000000e+002  6.6388955e-004
  3.8400000e+002  6.9851088e-004
  3.8800000e+002  6.7479508e-004
  3.9200000e+002  6.4501858e-004
  3.9600000e+002  6.3985614e-004
  4.0000000e+002  6.8916319e-004
  4.0400000e+002  7.2025375e-004
  4.0800000e+002  7.4550241e-004
  4.1200000e+002  7.4519037e-004
  4.1600000e+002  8.0987654e-004
  4.2000000e+002  8.7436261e-004
  4.2400000e+002  8.1112813e-004
  4.2800000e+002  8.2407643e-004
  4.3200000e+002  8.4908768e-004
  4.3600000e+002  9.1451215e-004
  4.4000000e+002  1.1148269e-003
  4.4400000e+002  1.1670581e-003
  4.4800000e+002  1.1280356e-003
  4.5200000e+002  1.0937422e-003
  4.5600000e+002  1.0737839e-003
  4.6000000e+002  1.1150657e-003
  4.6400000e+002  1.2067013e-003
  4.6800000e+002  1.3036630e-003
  4.7200000e+002  1.4229592e-003
  4.7600000e+002  1.4918263e-003
  4.8000000e+002  1.5851698e-003
  4.8400000e+002  1.7578031e-003
  4.8800000e+002  1.9080720e-003
  4.9200000e+002  2.1008043e-003
  4.9600000e+002  2.3393434e-003
  5.0000000e+002  2.4972840e-003
  5.0400000e+002  2.7377194e-003
  5.0800000e+002  3.2106848e-003
  5.1200000e+002  3.7393307e-003
  5.1600000e+002  4.3249300e-003
  5.2000000e+002  4.8902051e-003
  5.2400000e+002  5.3044107e-003
  5.2800000e+002  5.6421112e-003
  5.3200000e+002  6.0312722e-003
  5.3600000e+002  6.3175240e-003
  5.4000000e+002  6.0596293e-003
  5.4400000e+002  5.6956957e-003
  5.4800000e+002  5.9184740e-003
  5.5200000e+002  6.1742053e-003
  5.5600000e+002  5.8581109e-003
  5.6000000e+002  5.2826716e-003
  5.6400000e+002  4.7186038e-003
  5.6800000e+002  4.3833355e-003
  5.7200000e+002  4.0724893e-003
  5.7600000e+002  3.7595016e-003
  5.8000000e+002  3.5718002e-003
  5.8400000e+002  3.3062188e-003
  5.8800000e+002  2.9524540e-003
  5.9200000e+002  2.5925926e-003
  5.9600000e+002  2.3515888e-003
  6.0000000e+002  2.3021538e-003
  6.0400000e+002  2.2821860e-003
  6.0800000e+002  2.1517834e-003
  6.1200000e+002  2.0362242e-003
  6.1600000e+002  1.9715480e-003
  6.2000000e+002  1.9292256e-003
  6.2400000e+002  1.9045255e-003
  6.2800000e+002  1.9240880e-003
  6.3200000e+002  1.9187701e-003
  6.3600000e+002  1.8553865e-003
  6.4000000e+002  1.7844657e-003
  6.4400000e+002  1.7554711e-003
  6.4800000e+002  1.8261981e-003
  6.5200000e+002  1.8661378e-003
  6.5600000e+002  1.7814591e-003
  6.6000000e+002  1.7140193e-003
  6.6400000e+002  1.7157795e-003
  6.6800000e+002  1.7510995e-003
  6.7200000e+002  1.7505434e-003
  6.7600000e+002  1.7469901e-003
  6.8000000e+002  1.6774497e-003
  6.8400000e+002  1.6376234e-003
  6.8800000e+002  1.7301887e-003
  6.9200000e+002  1.6706485e-003
  6.9600000e+002  1.4613704e-003
  7.0000000e+002  1.5232087e-003
  7.0400000e+002  1.7822007e-003
  7.0800000e+002  1.9730352e-003
  7.1200000e+002  1.9707401e-003
  7.1600000e+002  1.8590832e-003
  7.2000000e+002  1.6941779e-003
  7.2400000e+002  1.6031212e-003
  7.2800000e+002  1.6625436e-003
  7.3200000e+002  1.8227719e-003
  7.3600000e+002  1.9575061e-003
  7.4000000e+002  2.0719750e-003
  7.4400000e+002  2.1202854e-003
  7.4800000e+002  2.0366944e-003
  7.5200000e+002  1.8564963e-003
  7.5600000e+002  1.7428640e-003
  7.6000000e+002  1.8880221e-003
  7.6400000e+002  2.0054730e-003
  7.6800000e+002  2.1033270e-003
  7.7200000e+002  2.2387453e-003
  7.7600000e+002  2.4836118e-003
  7.8000000e+002  2.6413700e-003
