 380.000000 0.000867
 384.000000 0.000875
 388.000000 0.000881
 392.000000 0.000878
 396.000000 0.000842
 400.000000 0.000809
 404.000000 0.000789
 408.000000 0.000756
 412.000000 0.000737
 416.000000 0.000715
 420.000000 0.000675
 424.000000 0.000654
 428.000000 0.000629
 432.000000 0.000631
 436.000000 0.000656
 440.000000 0.000705
 444.000000 0.000762
 448.000000 0.000832
 452.000000 0.000908
 456.000000 0.000994
 460.000000 0.001099
 464.000000 0.001210
 468.000000 0.001327
 472.000000 0.001459
 476.000000 0.001595
 480.000000 0.001737
 484.000000 0.001917
 488.000000 0.002101
 492.000000 0.002269
 496.000000 0.002414
 500.000000 0.002511
 504.000000 0.002552
 508.000000 0.002537
 512.000000 0.002481
 516.000000 0.002339
 520.000000 0.002140
 524.000000 0.001943
 528.000000 0.001720
 532.000000 0.001519
 536.000000 0.001337
 540.000000 0.001144
 544.000000 0.000979
 548.000000 0.000839
 552.000000 0.000708
 556.000000 0.000609
 560.000000 0.000528
 564.000000 0.000457
 568.000000 0.000401
 572.000000 0.000364
 576.000000 0.000335
 580.000000 0.000305
 584.000000 0.000285
 588.000000 0.000266
 592.000000 0.000242
 596.000000 0.000229
 600.000000 0.000221
 604.000000 0.000217
 608.000000 0.000205
 612.000000 0.000198
 616.000000 0.000190
 620.000000 0.000186
 624.000000 0.000187
 628.000000 0.000187
 632.000000 0.000185
 636.000000 0.000187
 640.000000 0.000187
 644.000000 0.000195
 648.000000 0.000207
 652.000000 0.000207
 656.000000 0.000213
 660.000000 0.000217
 664.000000 0.000238
 668.000000 0.000241
 672.000000 0.000258
 676.000000 0.000262
 680.000000 0.000256
 684.000000 0.000278
 688.000000 0.000283
 692.000000 0.000283
 696.000000 0.000296
 700.000000 0.000297
 704.000000 0.000297
 708.000000 0.000334
 712.000000 0.000370
 716.000000 0.000409
 720.000000 0.000450
 724.000000 0.000519
 728.000000 0.000607
 732.000000 0.000719
 736.000000 0.000862
 740.000000 0.001043
 744.000000 0.001262
 748.000000 0.001479
 752.000000 0.001706
 756.000000 0.001937
 760.000000 0.002172
 764.000000 0.002377
 768.000000 0.002543
 772.000000 0.002675
 776.000000 0.002860
 780.000000 0.003088
