 380.000000 0.002113
 384.000000 0.002416
 388.000000 0.002847
 392.000000 0.003295
 396.000000 0.003666
 400.000000 0.004110
 404.000000 0.004420
 408.000000 0.004756
 412.000000 0.005028
 416.000000 0.005188
 420.000000 0.005190
 424.000000 0.005143
 428.000000 0.004974
 432.000000 0.004856
 436.000000 0.004821
 440.000000 0.004808
 444.000000 0.004779
 448.000000 0.004720
 452.000000 0.004611
 456.000000 0.004584
 460.000000 0.004559
 464.000000 0.004574
 468.000000 0.004526
 472.000000 0.004364
 476.000000 0.004238
 480.000000 0.004049
 484.000000 0.003876
 488.000000 0.003764
 492.000000 0.003627
 496.000000 0.003502
 500.000000 0.003405
 504.000000 0.003236
 508.000000 0.003071
 512.000000 0.002944
 516.000000 0.002782
 520.000000 0.002624
 524.000000 0.002533
 528.000000 0.002470
 532.000000 0.002450
 536.000000 0.002418
 540.000000 0.002382
 544.000000 0.002378
 548.000000 0.002373
 552.000000 0.002376
 556.000000 0.002398
 560.000000 0.002439
 564.000000 0.002503
 568.000000 0.002673
 572.000000 0.002970
 576.000000 0.003427
 580.000000 0.004218
 584.000000 0.005069
 588.000000 0.006090
 592.000000 0.007444
 596.000000 0.008968
 600.000000 0.010480
 604.000000 0.012020
 608.000000 0.013700
 612.000000 0.014950
 616.000000 0.016080
 620.000000 0.017220
 624.000000 0.018260
 628.000000 0.019000
 632.000000 0.019450
 636.000000 0.019680
 640.000000 0.019910
 644.000000 0.020140
 648.000000 0.020320
 652.000000 0.020430
 656.000000 0.020430
 660.000000 0.020350
 664.000000 0.020230
 668.000000 0.020260
 672.000000 0.019850
 676.000000 0.018560
 680.000000 0.017300
 684.000000 0.016820
 688.000000 0.016230
 692.000000 0.015570
 696.000000 0.014650
 700.000000 0.013580
 704.000000 0.012610
 708.000000 0.012080
 712.000000 0.011560
 716.000000 0.010970
 720.000000 0.010500
 724.000000 0.010300
 728.000000 0.010190
 732.000000 0.010270
 736.000000 0.010510
 740.000000 0.010860
 744.000000 0.011150
 748.000000 0.011500
 752.000000 0.011860
 756.000000 0.012140
 760.000000 0.012280
 764.000000 0.012310
 768.000000 0.012140
 772.000000 0.011720
 776.000000 0.011280
 780.000000 0.011100
