 380.000000 0.000014
 384.000000 0.000015
 388.000000 0.000017
 392.000000 0.000018
 396.000000 0.000020
 400.000000 0.000021
 404.000000 0.000023
 408.000000 0.000025
 412.000000 0.000028
 416.000000 0.000029
 420.000000 0.000031
 424.000000 0.000032
 428.000000 0.000032
 432.000000 0.000034
 436.000000 0.000035
 440.000000 0.000038
 444.000000 0.000040
 448.000000 0.000042
 452.000000 0.000044
 456.000000 0.000046
 460.000000 0.000048
 464.000000 0.000051
 468.000000 0.000053
 472.000000 0.000056
 476.000000 0.000058
 480.000000 0.000061
 484.000000 0.000066
 488.000000 0.000071
 492.000000 0.000078
 496.000000 0.000087
 500.000000 0.000096
 504.000000 0.000108
 508.000000 0.000123
 512.000000 0.000138
 516.000000 0.000154
 520.000000 0.000169
 524.000000 0.000183
 528.000000 0.000200
 532.000000 0.000212
 536.000000 0.000220
 540.000000 0.000226
 544.000000 0.000228
 548.000000 0.000226
 552.000000 0.000220
 556.000000 0.000212
 560.000000 0.000201
 564.000000 0.000186
 568.000000 0.000172
 572.000000 0.000162
 576.000000 0.000151
 580.000000 0.000137
 584.000000 0.000126
 588.000000 0.000115
 592.000000 0.000105
 596.000000 0.000098
 600.000000 0.000092
 604.000000 0.000087
 608.000000 0.000081
 612.000000 0.000077
 616.000000 0.000073
 620.000000 0.000070
 624.000000 0.000067
 628.000000 0.000065
 632.000000 0.000063
 636.000000 0.000060
 640.000000 0.000059
 644.000000 0.000058
 648.000000 0.000057
 652.000000 0.000056
 656.000000 0.000056
 660.000000 0.000055
 664.000000 0.000054
 668.000000 0.000053
 672.000000 0.000052
 676.000000 0.000049
 680.000000 0.000045
 684.000000 0.000043
 688.000000 0.000041
 692.000000 0.000039
 696.000000 0.000037
 700.000000 0.000034
 704.000000 0.000031
 708.000000 0.000030
 712.000000 0.000029
 716.000000 0.000027
 720.000000 0.000026
 724.000000 0.000026
 728.000000 0.000026
 732.000000 0.000027
 736.000000 0.000028
 740.000000 0.000030
 744.000000 0.000031
 748.000000 0.000033
 752.000000 0.000035
 756.000000 0.000036
 760.000000 0.000038
 764.000000 0.000038
 768.000000 0.000039
 772.000000 0.000039
 776.000000 0.000039
 780.000000 0.000039
