 380.000000 0.004185
 384.000000 0.005168
 388.000000 0.006640
 392.000000 0.008302
 396.000000 0.010010
 400.000000 0.012040
 404.000000 0.013680
 408.000000 0.015590
 412.000000 0.017350
 416.000000 0.018790
 420.000000 0.019690
 424.000000 0.020230
 428.000000 0.020230
 432.000000 0.020400
 436.000000 0.020780
 440.000000 0.021260
 444.000000 0.021580
 448.000000 0.021680
 452.000000 0.021570
 456.000000 0.021640
 460.000000 0.021710
 464.000000 0.021880
 468.000000 0.021820
 472.000000 0.021350
 476.000000 0.021000
 480.000000 0.020350
 484.000000 0.019750
 488.000000 0.019440
 492.000000 0.018960
 496.000000 0.018390
 500.000000 0.017850
 504.000000 0.016850
 508.000000 0.015690
 512.000000 0.014560
 516.000000 0.013130
 520.000000 0.011790
 524.000000 0.010690
 528.000000 0.009751
 532.000000 0.009054
 536.000000 0.008492
 540.000000 0.007949
 544.000000 0.007524
 548.000000 0.007202
 552.000000 0.006884
 556.000000 0.006676
 560.000000 0.006489
 564.000000 0.006228
 568.000000 0.006027
 572.000000 0.005935
 576.000000 0.005853
 580.000000 0.005759
 584.000000 0.005665
 588.000000 0.005589
 592.000000 0.005514
 596.000000 0.005475
 600.000000 0.005460
 604.000000 0.005422
 608.000000 0.005343
 612.000000 0.005252
 616.000000 0.005149
 620.000000 0.005085
 624.000000 0.005102
 628.000000 0.005167
 632.000000 0.005207
 636.000000 0.005363
 640.000000 0.005681
 644.000000 0.006114
 648.000000 0.006746
 652.000000 0.007455
 656.000000 0.008163
 660.000000 0.008935
 664.000000 0.009826
 668.000000 0.010820
 672.000000 0.011480
 676.000000 0.011610
 680.000000 0.011840
 684.000000 0.012420
 688.000000 0.012710
 692.000000 0.012790
 696.000000 0.012590
 700.000000 0.012090
 704.000000 0.011550
 708.000000 0.011310
 712.000000 0.011020
 716.000000 0.010570
 720.000000 0.010200
 724.000000 0.010050
 728.000000 0.009977
 732.000000 0.010060
 736.000000 0.010310
 740.000000 0.010660
 744.000000 0.010980
 748.000000 0.011320
 752.000000 0.011710
 756.000000 0.011990
 760.000000 0.012130
 764.000000 0.012140
 768.000000 0.011990
 772.000000 0.011570
 776.000000 0.011130
 780.000000 0.010960
