 380.000000 0.001401
 384.000000 0.001585
 388.000000 0.001781
 392.000000 0.002027
 396.000000 0.002231
 400.000000 0.002474
 404.000000 0.002668
 408.000000 0.002905
 412.000000 0.003133
 416.000000 0.003283
 420.000000 0.003371
 424.000000 0.003440
 428.000000 0.003448
 432.000000 0.003505
 436.000000 0.003609
 440.000000 0.003785
 444.000000 0.003938
 448.000000 0.004082
 452.000000 0.004189
 456.000000 0.004339
 460.000000 0.004549
 464.000000 0.004760
 468.000000 0.004942
 472.000000 0.005096
 476.000000 0.005273
 480.000000 0.005449
 484.000000 0.005723
 488.000000 0.006098
 492.000000 0.006493
 496.000000 0.006973
 500.000000 0.007488
 504.000000 0.008075
 508.000000 0.008709
 512.000000 0.009384
 516.000000 0.010070
 520.000000 0.010660
 524.000000 0.011240
 528.000000 0.012000
 532.000000 0.012560
 536.000000 0.013000
 540.000000 0.013340
 544.000000 0.013640
 548.000000 0.013870
 552.000000 0.013990
 556.000000 0.014040
 560.000000 0.013980
 564.000000 0.013690
 568.000000 0.013420
 572.000000 0.013290
 576.000000 0.013130
 580.000000 0.012770
 584.000000 0.012360
 588.000000 0.011890
 592.000000 0.011330
 596.000000 0.010840
 600.000000 0.010420
 604.000000 0.009994
 608.000000 0.009475
 612.000000 0.008986
 616.000000 0.008513
 620.000000 0.008053
 624.000000 0.007711
 628.000000 0.007400
 632.000000 0.007036
 636.000000 0.006619
 640.000000 0.006354
 644.000000 0.006121
 648.000000 0.005947
 652.000000 0.005802
 656.000000 0.005680
 660.000000 0.005567
 664.000000 0.005433
 668.000000 0.005353
 672.000000 0.005180
 676.000000 0.004798
 680.000000 0.004437
 684.000000 0.004273
 688.000000 0.004069
 692.000000 0.003848
 696.000000 0.003585
 700.000000 0.003307
 704.000000 0.003049
 708.000000 0.002892
 712.000000 0.002734
 716.000000 0.002563
 720.000000 0.002449
 724.000000 0.002372
 728.000000 0.002333
 732.000000 0.002327
 736.000000 0.002367
 740.000000 0.002419
 744.000000 0.002458
 748.000000 0.002523
 752.000000 0.002594
 756.000000 0.002652
 760.000000 0.002660
 764.000000 0.002668
 768.000000 0.002622
 772.000000 0.002544
 776.000000 0.002456
 780.000000 0.002421
