 380.000000 0.001025
 384.000000 0.001132
 388.000000 0.001247
 392.000000 0.001402
 396.000000 0.001536
 400.000000 0.001714
 404.000000 0.001857
 408.000000 0.002031
 412.000000 0.002201
 416.000000 0.002333
 420.000000 0.002420
 424.000000 0.002490
 428.000000 0.002528
 432.000000 0.002595
 436.000000 0.002714
 440.000000 0.002860
 444.000000 0.002994
 448.000000 0.003108
 452.000000 0.003198
 456.000000 0.003308
 460.000000 0.003424
 464.000000 0.003553
 468.000000 0.003634
 472.000000 0.003665
 476.000000 0.003705
 480.000000 0.003705
 484.000000 0.003736
 488.000000 0.003818
 492.000000 0.003874
 496.000000 0.003958
 500.000000 0.004031
 504.000000 0.004071
 508.000000 0.004136
 512.000000 0.004212
 516.000000 0.004285
 520.000000 0.004345
 524.000000 0.004441
 528.000000 0.004682
 532.000000 0.004908
 536.000000 0.005131
 540.000000 0.005431
 544.000000 0.005818
 548.000000 0.006270
 552.000000 0.006803
 556.000000 0.007379
 560.000000 0.007953
 564.000000 0.008471
 568.000000 0.009083
 572.000000 0.009724
 576.000000 0.010410
 580.000000 0.011200
 584.000000 0.011790
 588.000000 0.012290
 592.000000 0.012750
 596.000000 0.013170
 600.000000 0.013550
 604.000000 0.013850
 608.000000 0.014040
 612.000000 0.014070
 616.000000 0.014020
 620.000000 0.013990
 624.000000 0.014050
 628.000000 0.014070
 632.000000 0.013940
 636.000000 0.013720
 640.000000 0.013620
 644.000000 0.013600
 648.000000 0.013640
 652.000000 0.013690
 656.000000 0.013710
 660.000000 0.013700
 664.000000 0.013680
 668.000000 0.013770
 672.000000 0.013570
 676.000000 0.012760
 680.000000 0.011990
 684.000000 0.011740
 688.000000 0.011420
 692.000000 0.011020
 696.000000 0.010440
 700.000000 0.009761
 704.000000 0.009119
 708.000000 0.008778
 712.000000 0.008457
 716.000000 0.008090
 720.000000 0.007790
 724.000000 0.007668
 728.000000 0.007608
 732.000000 0.007686
 736.000000 0.007873
 740.000000 0.008136
 744.000000 0.008353
 748.000000 0.008611
 752.000000 0.008864
 756.000000 0.009049
 760.000000 0.009129
 764.000000 0.009121
 768.000000 0.008975
 772.000000 0.008626
 776.000000 0.008254
 780.000000 0.008048
