  3.8000000e+002  1.9207332e-001
  3.8400000e+002  2.3017182e-001
  3.8800000e+002  2.6456967e-001
  3.9200000e+002  2.8685188e-001
  3.9600000e+002  3.2095799e-001
  4.0000000e+002  3.7928823e-001
  4.0400000e+002  4.1637011e-001
  4.0800000e+002  4.5078251e-001
  4.1200000e+002  4.6454998e-001
  4.1600000e+002  5.1550069e-001
  4.2000000e+002  5.6133144e-001
  4.2400000e+002  5.2284329e-001
  4.2800000e+002  5.2675159e-001
  4.3200000e+002  5.3383173e-001
  4.3600000e+002  5.6307652e-001
  4.4000000e+002  6.6084640e-001
  4.4400000e+002  6.6749853e-001
  4.4800000e+002  6.1575823e-001
  4.5200000e+002  5.6432311e-001
  4.5600000e+002  5.2782975e-001
  4.6000000e+002  5.1462797e-001
  4.6400000e+002  5.2300613e-001
  4.6800000e+002  5.2783883e-001
  4.7200000e+002  5.2002551e-001
  4.7600000e+002  4.9323116e-001
  4.8000000e+002  4.6383199e-001
  4.8400000e+002  4.4058942e-001
  4.8800000e+002  4.1294196e-001
  4.9200000e+002  3.8565684e-001
  4.9600000e+002  3.6046825e-001
  5.0000000e+002  3.2462494e-001
  5.0400000e+002  2.9145094e-001
  5.0800000e+002  2.7694121e-001
  5.1200000e+002  2.6458474e-001
  5.1600000e+002  2.4759104e-001
  5.2000000e+002  2.3225946e-001
  5.2400000e+002  2.1405640e-001
  5.2800000e+002  1.9436918e-001
  5.3200000e+002  1.8447761e-001
  5.3600000e+002  1.7614271e-001
  5.4000000e+002  1.5546602e-001
  5.4400000e+002  1.3780030e-001
  5.4800000e+002  1.3752286e-001
  5.5200000e+002  1.4068058e-001
  5.5600000e+002  1.3357765e-001
  5.6000000e+002  1.2244281e-001
  5.6400000e+002  1.1281143e-001
  5.6800000e+002  1.0961514e-001
  5.7200000e+002  1.0712308e-001
  5.7600000e+002  1.0431153e-001
  5.8000000e+002  1.0698491e-001
  5.8400000e+002  1.0558908e-001
  5.8800000e+002  1.0060072e-001
  5.9200000e+002  9.5065830e-002
  5.9600000e+002  9.1502167e-002
  6.0000000e+002  9.4077135e-002
  6.0400000e+002  9.7320021e-002
  6.0800000e+002  9.6644650e-002
  6.1200000e+002  9.4843998e-002
  6.1600000e+002  9.5213053e-002
  6.2000000e+002  9.7224535e-002
  6.2400000e+002  9.9900695e-002
  6.2800000e+002  1.0423866e-001
  6.3200000e+002  1.0801591e-001
  6.3600000e+002  1.0888274e-001
  6.4000000e+002  1.0863353e-001
  6.4400000e+002  1.1174772e-001
  6.4800000e+002  1.2052716e-001
  6.5200000e+002  1.2850768e-001
  6.5600000e+002  1.2781140e-001
  6.6000000e+002  1.2925085e-001
  6.6400000e+002  1.3580482e-001
  6.6800000e+002  1.4728783e-001
  6.7200000e+002  1.5442234e-001
  6.7600000e+002  1.6325247e-001
  6.8000000e+002  1.7007711e-001
  6.8400000e+002  1.7765756e-001
  6.8800000e+002  2.0041929e-001
  6.9200000e+002  2.0671928e-001
  6.9600000e+002  1.9102284e-001
  7.0000000e+002  2.1392519e-001
  7.0400000e+002  2.6696048e-001
  7.0800000e+002  3.1367971e-001
  7.1200000e+002  3.3411360e-001
  7.1600000e+002  3.3198642e-001
  7.2000000e+002  3.1455534e-001
  7.2400000e+002  3.0764994e-001
  7.2800000e+002  3.2797336e-001
  7.3200000e+002  3.6519824e-001
  7.3600000e+002  3.9550679e-001
  7.4000000e+002  4.1985396e-001
  7.4400000e+002  4.3465851e-001
  7.4800000e+002  4.1510947e-001
  7.5200000e+002  3.7500000e-001
  7.5600000e+002  3.4962821e-001
  7.6000000e+002  3.7508807e-001
  7.6400000e+002  3.9228564e-001
  7.6800000e+002  4.0549094e-001
  7.7200000e+002  4.2248040e-001
  7.7600000e+002  4.5533419e-001
  7.8000000e+002  4.7011417e-001
