  3.8000000e+002  4.9226375e-003
  3.8400000e+002  4.9690722e-003
  3.8800000e+002  4.8114754e-003
  3.9200000e+002  4.5266325e-003
  3.9600000e+002  4.4547981e-003
  4.0000000e+002  4.7932029e-003
  4.0400000e+002  4.9992264e-003
  4.0800000e+002  5.1484569e-003
  4.1200000e+002  5.1002287e-003
  4.1600000e+002  5.5253772e-003
  4.2000000e+002  5.9263456e-003
  4.2400000e+002  5.4836651e-003
  4.2800000e+002  5.5248408e-003
  4.3200000e+002  5.6221490e-003
  4.3600000e+002  5.9698584e-003
  4.4000000e+002  7.1086120e-003
  4.4400000e+002  7.2959483e-003
  4.4800000e+002  6.8416082e-003
  4.5200000e+002  6.4198454e-003
  4.5600000e+002  6.1471001e-003
  4.6000000e+002  6.1932734e-003
  4.6400000e+002  6.4995281e-003
  4.6800000e+002  6.7924298e-003
  4.7200000e+002  7.0561224e-003
  4.7600000e+002  7.0676884e-003
  4.8000000e+002  7.0650765e-003
  4.8400000e+002  7.2484930e-003
  4.8800000e+002  7.3275517e-003
  4.9200000e+002  7.3900804e-003
  4.9600000e+002  7.4959634e-003
  5.0000000e+002  7.3202276e-003
  5.0400000e+002  7.1637833e-003
  5.0800000e+002  7.4963991e-003
  5.1200000e+002  7.8742718e-003
  5.1600000e+002  8.2380952e-003
  5.2000000e+002  8.6145623e-003
  5.2400000e+002  8.8416486e-003
  5.2800000e+002  9.1123342e-003
  5.3200000e+002  9.6830135e-003
  5.3600000e+002  1.0267947e-002
  5.4000000e+002  1.0290089e-002
  5.4400000e+002  1.0397898e-002
  5.4800000e+002  1.1848707e-002
  5.5200000e+002  1.4027447e-002
  5.5600000e+002  1.5325681e-002
  5.6000000e+002  1.6011044e-002
  5.6400000e+002  1.6772480e-002
  5.6800000e+002  1.8516449e-002
  5.7200000e+002  2.0152278e-002
  5.7600000e+002  2.1933956e-002
  5.8000000e+002  2.5505983e-002
  5.8400000e+002  2.7879822e-002
  5.8800000e+002  2.9128323e-002
  5.9200000e+002  3.0035684e-002
  5.9600000e+002  3.1307174e-002
  6.0000000e+002  3.4385174e-002
  6.0400000e+002  3.7795586e-002
  6.0800000e+002  3.9577279e-002
  6.1200000e+002  4.0547329e-002
  6.1600000e+002  4.2138619e-002
  6.2000000e+002  4.4338052e-002
  6.2400000e+002  4.6517236e-002
  6.2800000e+002  4.9372323e-002
  6.3200000e+002  5.1659783e-002
  6.3600000e+002  5.2174581e-002
  6.4000000e+002  5.2317981e-002
  6.4400000e+002  5.3343465e-002
  6.4800000e+002  5.7364217e-002
  6.5200000e+002  6.0684184e-002
  6.5600000e+002  5.9589041e-002
  6.6000000e+002  5.9170034e-002
  6.6400000e+002  6.1533587e-002
  6.6800000e+002  6.5026877e-002
  6.7200000e+002  6.7062364e-002
  6.7600000e+002  6.9326146e-002
  6.8000000e+002  6.9870228e-002
  6.8400000e+002  7.0918755e-002
  6.8800000e+002  7.7945493e-002
  6.9200000e+002  7.8327645e-002
  6.9600000e+002  7.1122145e-002
  7.0000000e+002  7.7151870e-002
  7.0400000e+002  9.3517202e-002
  7.0800000e+002  1.0700427e-001
  7.1200000e+002  1.1074010e-001
  7.1600000e+002  1.0682513e-001
  7.2000000e+002  9.8688420e-002
  7.2400000e+002  9.4339045e-002
  7.2800000e+002  9.8382493e-002
  7.3200000e+002  1.0718401e-001
  7.3600000e+002  1.1375827e-001
  7.4000000e+002  1.1787204e-001
  7.4400000e+002  1.1831464e-001
  7.4800000e+002  1.1036078e-001
  7.5200000e+002  9.7630458e-002
  7.5600000e+002  8.9278004e-002
  7.6000000e+002  9.3633619e-002
  7.6400000e+002  9.6168882e-002
  7.6800000e+002  9.7186908e-002
  7.7200000e+002  9.8780134e-002
  7.7600000e+002  1.0237789e-001
  7.8000000e+002  1.0224983e-001
