 380.000000 0.007829
 384.000000 0.009209
 388.000000 0.011040
 392.000000 0.013130
 396.000000 0.015050
 400.000000 0.017370
 404.000000 0.019170
 408.000000 0.021190
 412.000000 0.023070
 416.000000 0.024570
 420.000000 0.025510
 424.000000 0.026160
 428.000000 0.026210
 432.000000 0.026590
 436.000000 0.027240
 440.000000 0.028080
 444.000000 0.028700
 448.000000 0.029050
 452.000000 0.029130
 456.000000 0.029480
 460.000000 0.029870
 464.000000 0.030400
 468.000000 0.030570
 472.000000 0.030130
 476.000000 0.029850
 480.000000 0.029190
 484.000000 0.028690
 488.000000 0.028730
 492.000000 0.028590
 496.000000 0.028480
 500.000000 0.028490
 504.000000 0.028210
 508.000000 0.027920
 512.000000 0.027760
 516.000000 0.027350
 520.000000 0.026900
 524.000000 0.026710
 528.000000 0.026980
 532.000000 0.027200
 536.000000 0.027350
 540.000000 0.027450
 544.000000 0.027680
 548.000000 0.027970
 552.000000 0.028190
 556.000000 0.028530
 560.000000 0.028750
 564.000000 0.028600
 568.000000 0.028680
 572.000000 0.029040
 576.000000 0.029390
 580.000000 0.029650
 584.000000 0.029630
 588.000000 0.029450
 592.000000 0.029140
 596.000000 0.028860
 600.000000 0.028720
 604.000000 0.028510
 608.000000 0.028060
 612.000000 0.027450
 616.000000 0.026810
 620.000000 0.026230
 624.000000 0.025880
 628.000000 0.025510
 632.000000 0.024940
 636.000000 0.024130
 640.000000 0.023690
 644.000000 0.023400
 648.000000 0.023220
 652.000000 0.023000
 656.000000 0.022830
 660.000000 0.022640
 664.000000 0.022370
 668.000000 0.022250
 672.000000 0.021800
 676.000000 0.020350
 680.000000 0.018830
 684.000000 0.018260
 688.000000 0.017590
 692.000000 0.016800
 696.000000 0.015760
 700.000000 0.014570
 704.000000 0.013490
 708.000000 0.012930
 712.000000 0.012300
 716.000000 0.011650
 720.000000 0.011120
 724.000000 0.010870
 728.000000 0.010770
 732.000000 0.010850
 736.000000 0.011080
 740.000000 0.011430
 744.000000 0.011710
 748.000000 0.012090
 752.000000 0.012440
 756.000000 0.012730
 760.000000 0.012850
 764.000000 0.012910
 768.000000 0.012720
 772.000000 0.012260
 776.000000 0.011800
 780.000000 0.011580
