  3.8000000e+002  7.6505594e-002
  3.8400000e+002  7.8923253e-002
  3.8800000e+002  7.8401639e-002
  3.9200000e+002  7.4535480e-002
  3.9600000e+002  7.4023214e-002
  4.0000000e+002  7.8679064e-002
  4.0400000e+002  8.0906700e-002
  4.0800000e+002  8.1658622e-002
  4.1200000e+002  7.8972151e-002
  4.1600000e+002  8.2757202e-002
  4.2000000e+002  8.5099150e-002
  4.2400000e+002  7.6429301e-002
  4.2800000e+002  7.3949045e-002
  4.3200000e+002  7.2377091e-002
  4.3600000e+002  7.4119787e-002
  4.4000000e+002  8.4655223e-002
  4.4400000e+002  8.3529066e-002
  4.4800000e+002  7.5957906e-002
  4.5200000e+002  6.9097482e-002
  4.5600000e+002  6.4850327e-002
  4.6000000e+002  6.4201797e-002
  4.6400000e+002  6.6611609e-002
  4.6800000e+002  6.9560440e-002
  4.7200000e+002  7.3239796e-002
  4.7600000e+002  7.5491699e-002
  4.8000000e+002  8.0567799e-002
  4.8400000e+002  9.3288681e-002
  4.8800000e+002  1.0849900e-001
  4.9200000e+002  1.2978552e-001
  4.9600000e+002  1.5859795e-001
  5.0000000e+002  1.8329022e-001
  5.0400000e+002  2.1699710e-001
  5.0800000e+002  2.6882284e-001
  5.1200000e+002  3.2664951e-001
  5.1600000e+002  3.9201681e-001
  5.2000000e+002  4.5377059e-001
  5.2400000e+002  4.9963847e-001
  5.2800000e+002  5.3951454e-001
  5.3200000e+002  5.8322672e-001
  5.3600000e+002  6.1742370e-001
  5.4000000e+002  6.0314263e-001
  5.4400000e+002  5.8258258e-001
  5.4800000e+002  6.2790698e-001
  5.5200000e+002  6.8967932e-001
  5.5600000e+002  6.9699903e-001
  5.6000000e+002  6.7315277e-001
  5.6400000e+002  6.4879221e-001
  5.6800000e+002  6.5642068e-001
  5.7200000e+002  6.6121319e-001
  5.7600000e+002  6.6517134e-001
  5.8000000e+002  7.0174298e-001
  5.8400000e+002  7.0900026e-001
  5.8800000e+002  6.8801125e-001
  5.9200000e+002  6.5719208e-001
  5.9600000e+002  6.3830043e-001
  6.0000000e+002  6.6128224e-001
  6.0400000e+002  6.8943773e-001
  6.0800000e+002  6.8348745e-001
  6.1200000e+002  6.7054469e-001
  6.1600000e+002  6.6895901e-001
  6.2000000e+002  6.7443797e-001
  6.2400000e+002  6.8108952e-001
  6.2800000e+002  6.9901049e-001
  6.3200000e+002  7.0751109e-001
  6.3600000e+002  6.8925772e-001
  6.4000000e+002  6.6940264e-001
  6.4400000e+002  6.6048632e-001
  6.4800000e+002  6.8865815e-001
  6.5200000e+002  7.0632953e-001
  6.5600000e+002  6.7617076e-001
  6.6000000e+002  6.5324837e-001
  6.6400000e+002  6.5937896e-001
  6.6800000e+002  6.7649454e-001
  6.7200000e+002  6.7881625e-001
  6.7600000e+002  6.8212040e-001
  6.8000000e+002  6.6334399e-001
  6.8400000e+002  6.4958238e-001
  6.8800000e+002  6.9161426e-001
  6.9200000e+002  6.7448805e-001
  6.9600000e+002  5.9086395e-001
  7.0000000e+002  6.2077512e-001
  7.0400000e+002  7.2561842e-001
  7.0800000e+002  8.0302532e-001
  7.1200000e+002  8.0206540e-001
  7.1600000e+002  7.4974533e-001
  7.2000000e+002  6.7562380e-001
  7.2400000e+002  6.3463892e-001
  7.2800000e+002  6.5049160e-001
  7.3200000e+002  6.9942392e-001
  7.3600000e+002  7.3389063e-001
  7.4000000e+002  7.5625869e-001
  7.4400000e+002  7.5637105e-001
  7.4800000e+002  7.0767808e-001
  7.5200000e+002  6.2992545e-001
  7.5600000e+002  5.8071480e-001
  7.6000000e+002  6.1726220e-001
  7.6400000e+002  6.4112588e-001
  7.6800000e+002  6.5647823e-001
  7.7200000e+002  6.7993029e-001
  7.7600000e+002  7.2268638e-001
  7.8000000e+002  7.4110141e-001
