  3.8000000e+002  2.0861700e-002
  3.8400000e+002  1.9977090e-002
  3.8800000e+002  1.8588115e-002
  3.9200000e+002  1.7062467e-002
  3.9600000e+002  1.6853033e-002
  4.0000000e+002  1.8368067e-002
  4.0400000e+002  1.9268142e-002
  4.0800000e+002  2.0438789e-002
  4.1200000e+002  2.0844881e-002
  4.1600000e+002  2.3478738e-002
  4.2000000e+002  2.6330028e-002
  4.2400000e+002  2.5502808e-002
  4.2800000e+002  2.6891720e-002
  4.3200000e+002  2.8737962e-002
  4.3600000e+002  3.1752631e-002
  4.4000000e+002  3.9627109e-002
  4.4400000e+002  4.2116853e-002
  4.4800000e+002  4.0866163e-002
  4.5200000e+002  3.9242084e-002
  4.5600000e+002  3.8213283e-002
  4.6000000e+002  3.8988712e-002
  4.6400000e+002  4.1175083e-002
  4.6800000e+002  4.3516484e-002
  4.7200000e+002  4.6033163e-002
  4.7600000e+002  4.7139208e-002
  4.8000000e+002  4.8716619e-002
  4.8400000e+002  5.2136638e-002
  4.8800000e+002  5.4743162e-002
  4.9200000e+002  5.8257373e-002
  4.9600000e+002  6.2526911e-002
  5.0000000e+002  6.4536989e-002
  5.0400000e+002  6.8152545e-002
  5.0800000e+002  7.6928113e-002
  5.1200000e+002  8.7454274e-002
  5.1600000e+002  1.0032213e-001
  5.2000000e+002  1.1447559e-001
  5.2400000e+002  1.2730296e-001
  5.2800000e+002  1.4292972e-001
  5.3200000e+002  1.6190476e-001
  5.3600000e+002  1.8072790e-001
  5.4000000e+002  1.8947086e-001
  5.4400000e+002  1.9685936e-001
  5.4800000e+002  2.2816828e-001
  5.5200000e+002  2.6965411e-001
  5.5600000e+002  2.9013968e-001
  5.6000000e+002  2.9503024e-001
  5.6400000e+002  2.9783736e-001
  5.6800000e+002  3.1258732e-001
  5.7200000e+002  3.2267808e-001
  5.7600000e+002  3.3046729e-001
  5.8000000e+002  3.5457856e-001
  5.8400000e+002  3.6145369e-001
  5.8800000e+002  3.5212168e-001
  5.9200000e+002  3.3616341e-001
  5.9600000e+002  3.2486760e-001
  6.0000000e+002  3.3471074e-001
  6.0400000e+002  3.4642669e-001
  6.0800000e+002  3.3963012e-001
  6.1200000e+002  3.3011634e-001
  6.1600000e+002  3.2632147e-001
  6.2000000e+002  3.2570080e-001
  6.2400000e+002  3.2571996e-001
  6.2800000e+002  3.3185645e-001
  6.3200000e+002  3.3379226e-001
  6.3600000e+002  3.2303673e-001
  6.4000000e+002  3.1190150e-001
  6.4400000e+002  3.0683891e-001
  6.4800000e+002  3.1926518e-001
  6.5200000e+002  3.2746653e-001
  6.5600000e+002  3.1338006e-001
  6.6000000e+002  3.0296860e-001
  6.6400000e+002  3.0635298e-001
  6.6800000e+002  3.1479068e-001
  6.7200000e+002  3.1763919e-001
  6.7600000e+002  3.2122192e-001
  6.8000000e+002  3.1429377e-001
  6.8400000e+002  3.1019362e-001
  6.8800000e+002  3.3289308e-001
  6.9200000e+002  3.2674915e-001
  6.9600000e+002  2.8995035e-001
  7.0000000e+002  3.0775124e-001
  7.0400000e+002  3.6457208e-001
  7.0800000e+002  4.0904308e-001
  7.1200000e+002  4.1593804e-001
  7.1600000e+002  3.9480475e-001
  7.2000000e+002  3.6087652e-001
  7.2400000e+002  3.4244186e-001
  7.2800000e+002  3.5578814e-001
  7.3200000e+002  3.8576754e-001
  7.3600000e+002  4.0999652e-001
  7.4000000e+002  4.2736439e-001
  7.4400000e+002  4.3177030e-001
  7.4800000e+002  4.0666050e-001
  7.5200000e+002  3.6301917e-001
  7.5600000e+002  3.3590789e-001
  7.6000000e+002  3.5571213e-001
  7.6400000e+002  3.6945530e-001
  7.6800000e+002  3.7752232e-001
  7.7200000e+002  3.8881789e-001
  7.7600000e+002  4.1188946e-001
  7.8000000e+002  4.1947616e-001
