 380.000000 0.000095
 384.000000 0.000088
 388.000000 0.000094
 392.000000 0.000088
 396.000000 0.000089
 400.000000 0.000093
 404.000000 0.000093
 408.000000 0.000094
 412.000000 0.000101
 416.000000 0.000101
 420.000000 0.000098
 424.000000 0.000099
 428.000000 0.000095
 432.000000 0.000095
 436.000000 0.000093
 440.000000 0.000097
 444.000000 0.000097
 448.000000 0.000096
 452.000000 0.000094
 456.000000 0.000095
 460.000000 0.000095
 464.000000 0.000095
 468.000000 0.000097
 472.000000 0.000094
 476.000000 0.000093
 480.000000 0.000088
 484.000000 0.000084
 488.000000 0.000085
 492.000000 0.000083
 496.000000 0.000083
 500.000000 0.000084
 504.000000 0.000082
 508.000000 0.000082
 512.000000 0.000082
 516.000000 0.000082
 520.000000 0.000080
 524.000000 0.000081
 528.000000 0.000082
 532.000000 0.000084
 536.000000 0.000086
 540.000000 0.000087
 544.000000 0.000089
 548.000000 0.000092
 552.000000 0.000096
 556.000000 0.000103
 560.000000 0.000110
 564.000000 0.000114
 568.000000 0.000126
 572.000000 0.000141
 576.000000 0.000163
 580.000000 0.000201
 584.000000 0.000246
 588.000000 0.000309
 592.000000 0.000416
 596.000000 0.000565
 600.000000 0.000760
 604.000000 0.001011
 608.000000 0.001365
 612.000000 0.001716
 616.000000 0.002114
 620.000000 0.002607
 624.000000 0.003145
 628.000000 0.003664
 632.000000 0.004142
 636.000000 0.004639
 640.000000 0.005018
 644.000000 0.005342
 648.000000 0.005610
 652.000000 0.005791
 656.000000 0.005887
 660.000000 0.005918
 664.000000 0.005925
 668.000000 0.005948
 672.000000 0.005834
 676.000000 0.005448
 680.000000 0.005036
 684.000000 0.004868
 688.000000 0.004695
 692.000000 0.004505
 696.000000 0.004234
 700.000000 0.003891
 704.000000 0.003596
 708.000000 0.003428
 712.000000 0.003219
 716.000000 0.003008
 720.000000 0.002850
 724.000000 0.002774
 728.000000 0.002733
 732.000000 0.002748
 736.000000 0.002784
 740.000000 0.002831
 744.000000 0.002865
 748.000000 0.002933
 752.000000 0.003004
 756.000000 0.003065
 760.000000 0.003108
 764.000000 0.003136
 768.000000 0.003096
 772.000000 0.002959
 776.000000 0.002818
 780.000000 0.002725
