 380.000000 0.000436
 384.000000 0.000494
 388.000000 0.000577
 392.000000 0.000673
 396.000000 0.000768
 400.000000 0.000890
 404.000000 0.000999
 408.000000 0.001146
 412.000000 0.001292
 416.000000 0.001437
 420.000000 0.001557
 424.000000 0.001648
 428.000000 0.001711
 432.000000 0.001787
 436.000000 0.001868
 440.000000 0.001931
 444.000000 0.001946
 448.000000 0.001894
 452.000000 0.001788
 456.000000 0.001683
 460.000000 0.001538
 464.000000 0.001395
 468.000000 0.001227
 472.000000 0.001002
 476.000000 0.000828
 480.000000 0.000655
 484.000000 0.000503
 488.000000 0.000408
 492.000000 0.000328
 496.000000 0.000269
 500.000000 0.000230
 504.000000 0.000192
 508.000000 0.000164
 512.000000 0.000143
 516.000000 0.000123
 520.000000 0.000109
 524.000000 0.000099
 528.000000 0.000092
 532.000000 0.000086
 536.000000 0.000083
 540.000000 0.000079
 544.000000 0.000077
 548.000000 0.000075
 552.000000 0.000073
 556.000000 0.000073
 560.000000 0.000072
 564.000000 0.000073
 568.000000 0.000072
 572.000000 0.000073
 576.000000 0.000074
 580.000000 0.000075
 584.000000 0.000076
 588.000000 0.000075
 592.000000 0.000076
 596.000000 0.000077
 600.000000 0.000078
 604.000000 0.000079
 608.000000 0.000079
 612.000000 0.000079
 616.000000 0.000079
 620.000000 0.000080
 624.000000 0.000082
 628.000000 0.000083
 632.000000 0.000082
 636.000000 0.000084
 640.000000 0.000087
 644.000000 0.000089
 648.000000 0.000093
 652.000000 0.000098
 656.000000 0.000101
 660.000000 0.000104
 664.000000 0.000110
 668.000000 0.000117
 672.000000 0.000123
 676.000000 0.000121
 680.000000 0.000122
 684.000000 0.000130
 688.000000 0.000132
 692.000000 0.000138
 696.000000 0.000139
 700.000000 0.000143
 704.000000 0.000151
 708.000000 0.000160
 712.000000 0.000171
 716.000000 0.000183
 720.000000 0.000194
 724.000000 0.000207
 728.000000 0.000225
 732.000000 0.000245
 736.000000 0.000270
 740.000000 0.000301
 744.000000 0.000331
 748.000000 0.000360
 752.000000 0.000388
 756.000000 0.000411
 760.000000 0.000427
 764.000000 0.000438
 768.000000 0.000440
 772.000000 0.000429
 776.000000 0.000422
 780.000000 0.000424
