  3.8000000e+002  5.3606284e-002
  3.8400000e+002  5.5509737e-002
  3.8800000e+002  5.5840164e-002
  3.9200000e+002  5.3972748e-002
  3.9600000e+002  5.3997057e-002
  4.0000000e+002  5.9506252e-002
  4.0400000e+002  6.2262107e-002
  4.0800000e+002  6.4648238e-002
  4.1200000e+002  6.5168842e-002
  4.1600000e+002  7.1234568e-002
  4.2000000e+002  7.7875354e-002
  4.2400000e+002  7.3481368e-002
  4.2800000e+002  7.5579618e-002
  4.3200000e+002  7.8763305e-002
  4.3600000e+002  8.5526829e-002
  4.4000000e+002  1.0411364e-001
  4.4400000e+002  1.0904287e-001
  4.4800000e+002  1.0434431e-001
  4.5200000e+002  9.9139865e-002
  4.5600000e+002  9.5743686e-002
  4.6000000e+002  9.6878599e-002
  4.6400000e+002  1.0205286e-001
  4.6800000e+002  1.0708181e-001
  4.7200000e+002  1.1158163e-001
  4.7600000e+002  1.1277139e-001
  4.8000000e+002  1.1458387e-001
  4.8400000e+002  1.2041527e-001
  4.8800000e+002  1.2453636e-001
  4.9200000e+002  1.2962466e-001
  4.9600000e+002  1.3603337e-001
  5.0000000e+002  1.3705380e-001
  5.0400000e+002  1.4025761e-001
  5.0800000e+002  1.5424905e-001
  5.1200000e+002  1.7041051e-001
  5.1600000e+002  1.8864146e-001
  5.2000000e+002  2.0819127e-001
  5.2400000e+002  2.2435286e-001
  5.2800000e+002  2.4273215e-001
  5.3200000e+002  2.6716418e-001
  5.3600000e+002  2.9044276e-001
  5.4000000e+002  2.9532635e-001
  5.4400000e+002  2.9842342e-001
  5.4800000e+002  3.3733995e-001
  5.5200000e+002  3.8944125e-001
  5.5600000e+002  4.1073157e-001
  5.6000000e+002  4.1085985e-001
  5.6400000e+002  4.0849880e-001
  5.6800000e+002  4.2398069e-001
  5.7200000e+002  4.3405487e-001
  5.7600000e+002  4.4249221e-001
  5.8000000e+002  4.7229448e-001
  5.8400000e+002  4.8018893e-001
  5.8800000e+002  4.6740798e-001
  5.9200000e+002  4.4616710e-001
  5.9600000e+002  4.3223399e-001
  6.0000000e+002  4.4640621e-001
  6.0400000e+002  4.6374146e-001
  6.0800000e+002  4.5614267e-001
  6.1200000e+002  4.4434162e-001
  6.1600000e+002  4.4053398e-001
  6.2000000e+002  4.4157646e-001
  6.2400000e+002  4.4289970e-001
  6.2800000e+002  4.5207503e-001
  6.3200000e+002  4.5571363e-001
  6.3600000e+002  4.4183187e-001
  6.4000000e+002  4.2726858e-001
  6.4400000e+002  4.2142857e-001
  6.4800000e+002  4.3961661e-001
  6.5200000e+002  4.5083457e-001
  6.5600000e+002  4.3182542e-001
  6.6000000e+002  4.1762512e-001
  6.6400000e+002  4.2205323e-001
  6.6800000e+002  4.3313243e-001
  6.7200000e+002  4.3705066e-001
  6.7600000e+002  4.3971249e-001
  6.8000000e+002  4.2862516e-001
  6.8400000e+002  4.2331055e-001
  6.8800000e+002  4.5387841e-001
  6.9200000e+002  4.4411263e-001
  6.9600000e+002  3.9128103e-001
  7.0000000e+002  4.1428571e-001
  7.0400000e+002  4.8945124e-001
  7.0800000e+002  5.4636633e-001
  7.1200000e+002  5.5283993e-001
  7.1600000e+002  5.2329372e-001
  7.2000000e+002  4.7584773e-001
  7.2400000e+002  4.4978580e-001
  7.2800000e+002  4.6479543e-001
  7.3200000e+002  5.0315147e-001
  7.3600000e+002  5.3399512e-001
  7.4000000e+002  5.5531989e-001
  7.4400000e+002  5.5844376e-001
  7.4800000e+002  5.2485353e-001
  7.5200000e+002  4.6831736e-001
  7.5600000e+002  4.3269369e-001
  7.6000000e+002  4.5860594e-001
  7.6400000e+002  4.7685692e-001
  7.6800000e+002  4.8690830e-001
  7.7200000e+002  5.0331107e-001
  7.7600000e+002  5.3435090e-001
  7.8000000e+002  5.4503022e-001
