 380.000000 0.000085
 384.000000 0.000091
 388.000000 0.000099
 392.000000 0.000107
 396.000000 0.000114
 400.000000 0.000122
 404.000000 0.000129
 408.000000 0.000135
 412.000000 0.000141
 416.000000 0.000144
 420.000000 0.000143
 424.000000 0.000142
 428.000000 0.000135
 432.000000 0.000130
 436.000000 0.000127
 440.000000 0.000122
 444.000000 0.000116
 448.000000 0.000109
 452.000000 0.000100
 456.000000 0.000094
 460.000000 0.000088
 464.000000 0.000083
 468.000000 0.000078
 472.000000 0.000071
 476.000000 0.000066
 480.000000 0.000061
 484.000000 0.000057
 488.000000 0.000055
 492.000000 0.000053
 496.000000 0.000052
 500.000000 0.000052
 504.000000 0.000053
 508.000000 0.000053
 512.000000 0.000054
 516.000000 0.000055
 520.000000 0.000055
 524.000000 0.000057
 528.000000 0.000060
 532.000000 0.000062
 536.000000 0.000065
 540.000000 0.000067
 544.000000 0.000071
 548.000000 0.000074
 552.000000 0.000078
 556.000000 0.000082
 560.000000 0.000085
 564.000000 0.000088
 568.000000 0.000091
 572.000000 0.000095
 576.000000 0.000099
 580.000000 0.000103
 584.000000 0.000106
 588.000000 0.000108
 592.000000 0.000110
 596.000000 0.000112
 600.000000 0.000115
 604.000000 0.000116
 608.000000 0.000117
 612.000000 0.000117
 616.000000 0.000116
 620.000000 0.000116
 624.000000 0.000117
 628.000000 0.000117
 632.000000 0.000116
 636.000000 0.000114
 640.000000 0.000114
 644.000000 0.000114
 648.000000 0.000114
 652.000000 0.000115
 656.000000 0.000115
 660.000000 0.000114
 664.000000 0.000114
 668.000000 0.000114
 672.000000 0.000112
 676.000000 0.000106
 680.000000 0.000098
 684.000000 0.000096
 688.000000 0.000093
 692.000000 0.000089
 696.000000 0.000084
 700.000000 0.000078
 704.000000 0.000073
 708.000000 0.000070
 712.000000 0.000068
 716.000000 0.000064
 720.000000 0.000062
 724.000000 0.000061
 728.000000 0.000060
 732.000000 0.000061
 736.000000 0.000063
 740.000000 0.000065
 744.000000 0.000067
 748.000000 0.000069
 752.000000 0.000071
 756.000000 0.000073
 760.000000 0.000074
 764.000000 0.000074
 768.000000 0.000073
 772.000000 0.000071
 776.000000 0.000069
 780.000000 0.000067
