  3.8000000e+002  4.7000714e-003
  3.8400000e+002  4.2909507e-003
  3.8800000e+002  3.9194672e-003
  3.9200000e+002  3.2450894e-003
  3.9600000e+002  2.9790747e-003
  4.0000000e+002  3.0219622e-003
  4.0400000e+002  2.9102584e-003
  4.0800000e+002  2.7488665e-003
  4.1200000e+002  2.6885511e-003
  4.1600000e+002  2.7983539e-003
  4.2000000e+002  2.7968839e-003
  4.2400000e+002  2.4739663e-003
  4.2800000e+002  2.4119745e-003
  4.3200000e+002  2.3900152e-003
  4.3600000e+002  2.4071716e-003
  4.4000000e+002  2.7944658e-003
  4.4400000e+002  2.7946271e-003
  4.4800000e+002  2.5817593e-003
  4.5200000e+002  2.3366991e-003
  4.5600000e+002  2.2117633e-003
  4.6000000e+002  2.1882055e-003
  4.6400000e+002  2.2426852e-003
  4.6800000e+002  2.3159951e-003
  4.7200000e+002  2.3409439e-003
  4.7600000e+002  2.3274585e-003
  4.8000000e+002  2.2868810e-003
  4.8400000e+002  2.2874749e-003
  4.8800000e+002  2.2929953e-003
  4.9200000e+002  2.2577748e-003
  4.9600000e+002  2.2356028e-003
  5.0000000e+002  2.1761511e-003
  5.0400000e+002  2.0878899e-003
  5.0800000e+002  2.1516302e-003
  5.1200000e+002  2.2322179e-003
  5.1600000e+002  2.2680672e-003
  5.2000000e+002  2.3173938e-003
  5.2400000e+002  2.3314534e-003
  5.2800000e+002  2.2972058e-003
  5.3200000e+002  2.3981521e-003
  5.3600000e+002  2.4262788e-003
  5.4000000e+002  2.3325275e-003
  5.4400000e+002  2.2256006e-003
  5.4800000e+002  2.4461719e-003
  5.5200000e+002  2.6903795e-003
  5.5600000e+002  2.8433135e-003
  5.6000000e+002  2.8648435e-003
  5.6400000e+002  2.9062856e-003
  5.6800000e+002  3.2224057e-003
  5.7200000e+002  3.5414045e-003
  5.7600000e+002  4.0523364e-003
  5.8000000e+002  5.2510406e-003
  5.8400000e+002  6.4773025e-003
  5.8800000e+002  7.9128323e-003
  5.9200000e+002  1.0188261e-002
  5.9600000e+002  1.3591719e-002
  6.0000000e+002  1.9012021e-002
  6.0400000e+002  2.6576458e-002
  6.0800000e+002  3.6089828e-002
  6.1200000e+002  4.5399260e-002
  6.1600000e+002  5.6971413e-002
  6.2000000e+002  7.2314738e-002
  6.2400000e+002  8.9189956e-002
  6.2800000e+002  1.0821149e-001
  6.3200000e+002  1.2672480e-001
  6.3600000e+002  1.4260028e-001
  6.4000000e+002  1.5251558e-001
  6.4400000e+002  1.6231003e-001
  6.4800000e+002  1.7915335e-001
  6.5200000e+002  1.9132375e-001
  6.5600000e+002  1.8738452e-001
  6.6000000e+002  1.8382033e-001
  6.6400000e+002  1.8759506e-001
  6.6800000e+002  1.9374491e-001
  6.7200000e+002  1.9506771e-001
  6.7600000e+002  1.9563342e-001
  6.8000000e+002  1.8939251e-001
  6.8400000e+002  1.8473804e-001
  6.8800000e+002  1.9675052e-001
  6.9200000e+002  1.9210751e-001
  6.9600000e+002  1.6810328e-001
  7.0000000e+002  1.7521406e-001
  7.0400000e+002  2.0432187e-001
  7.0800000e+002  2.2522197e-001
  7.1200000e+002  2.2134251e-001
  7.1600000e+002  2.0417657e-001
  7.2000000e+002  1.8230966e-001
  7.2400000e+002  1.6979804e-001
  7.2800000e+002  1.7332699e-001
  7.3200000e+002  1.8624195e-001
  7.3600000e+002  1.9404389e-001
  7.4000000e+002  1.9687065e-001
  7.4400000e+002  1.9469929e-001
  7.4800000e+002  1.8078939e-001
  7.5200000e+002  1.5990415e-001
  7.5600000e+002  1.4691773e-001
  7.6000000e+002  1.5641671e-001
  7.6400000e+002  1.6340891e-001
  7.6800000e+002  1.6735191e-001
  7.7200000e+002  1.7191403e-001
  7.7600000e+002  1.8094473e-001
  7.8000000e+002  1.8290799e-001
