 380.000000 0.005396
 384.000000 0.006524
 388.000000 0.008209
 392.000000 0.010160
 396.000000 0.012170
 400.000000 0.014590
 404.000000 0.016540
 408.000000 0.018790
 412.000000 0.020880
 416.000000 0.022600
 420.000000 0.023730
 424.000000 0.024440
 428.000000 0.024490
 432.000000 0.024750
 436.000000 0.025260
 440.000000 0.025900
 444.000000 0.026340
 448.000000 0.026530
 452.000000 0.026530
 456.000000 0.026790
 460.000000 0.027100
 464.000000 0.027540
 468.000000 0.027660
 472.000000 0.027220
 476.000000 0.026920
 480.000000 0.026300
 484.000000 0.025830
 488.000000 0.025820
 492.000000 0.025680
 496.000000 0.025600
 500.000000 0.025590
 504.000000 0.025330
 508.000000 0.025060
 512.000000 0.024900
 516.000000 0.024520
 520.000000 0.024120
 524.000000 0.023920
 528.000000 0.024150
 532.000000 0.024330
 536.000000 0.024450
 540.000000 0.024500
 544.000000 0.024690
 548.000000 0.024960
 552.000000 0.025150
 556.000000 0.025410
 560.000000 0.025610
 564.000000 0.025500
 568.000000 0.025540
 572.000000 0.025860
 576.000000 0.026190
 580.000000 0.026380
 584.000000 0.026340
 588.000000 0.026170
 592.000000 0.025920
 596.000000 0.025660
 600.000000 0.025510
 604.000000 0.025310
 608.000000 0.024880
 612.000000 0.024350
 616.000000 0.023770
 620.000000 0.023270
 624.000000 0.022930
 628.000000 0.022590
 632.000000 0.022060
 636.000000 0.021350
 640.000000 0.020930
 644.000000 0.020620
 648.000000 0.020430
 652.000000 0.020260
 656.000000 0.020110
 660.000000 0.019920
 664.000000 0.019680
 668.000000 0.019620
 672.000000 0.019180
 676.000000 0.017920
 680.000000 0.016650
 684.000000 0.016070
 688.000000 0.015450
 692.000000 0.014770
 696.000000 0.013830
 700.000000 0.012800
 704.000000 0.011820
 708.000000 0.011280
 712.000000 0.010740
 716.000000 0.010190
 720.000000 0.009694
 724.000000 0.009501
 728.000000 0.009395
 732.000000 0.009459
 736.000000 0.009675
 740.000000 0.009961
 744.000000 0.010180
 748.000000 0.010490
 752.000000 0.010800
 756.000000 0.011060
 760.000000 0.011170
 764.000000 0.011240
 768.000000 0.011070
 772.000000 0.010670
 776.000000 0.010250
 780.000000 0.010050
