  3.8000000e+002  3.7498215e-001
  3.8400000e+002  4.2515464e-001
  3.8800000e+002  4.5491803e-001
  3.9200000e+002  4.6575827e-001
  3.9600000e+002  4.9305215e-001
  4.0000000e+002  5.5658865e-001
  4.0400000e+002  5.9244933e-001
  4.0800000e+002  6.1883867e-001
  4.1200000e+002  6.2020718e-001
  4.1600000e+002  6.7352538e-001
  4.2000000e+002  7.2181303e-001
  4.2400000e+002  6.6717713e-001
  4.2800000e+002  6.6726115e-001
  4.3200000e+002  6.7270654e-001
  4.3600000e+002  7.0689879e-001
  4.4000000e+002  8.2997928e-001
  4.4400000e+002  8.4160305e-001
  4.4800000e+002  7.8332434e-001
  4.5200000e+002  7.2538020e-001
  4.5600000e+002  6.8849392e-001
  4.6000000e+002  6.8739922e-001
  4.6400000e+002  7.1684757e-001
  4.6800000e+002  7.4603175e-001
  4.7200000e+002  7.6811224e-001
  4.7600000e+002  7.6155811e-001
  4.8000000e+002  7.5576873e-001
  4.8400000e+002  7.6784997e-001
  4.8800000e+002  7.6571047e-001
  4.9200000e+002  7.6528150e-001
  4.9600000e+002  7.6560818e-001
  5.0000000e+002  7.3603207e-001
  5.0400000e+002  7.1170602e-001
  5.0800000e+002  7.3039151e-001
  5.1200000e+002  7.5138870e-001
  5.1600000e+002  7.6526611e-001
  5.2000000e+002  7.7665415e-001
  5.2400000e+002  7.7180043e-001
  5.2800000e+002  7.6079594e-001
  5.3200000e+002  7.7285004e-001
  5.3600000e+002  7.8306348e-001
  5.4000000e+002  7.3623422e-001
  5.4400000e+002  6.9181682e-001
  5.4800000e+002  7.3020643e-001
  5.5200000e+002  7.8882509e-001
  5.5600000e+002  7.8827271e-001
  5.6000000e+002  7.5545622e-001
  5.6400000e+002  7.2277729e-001
  5.6800000e+002  7.2767687e-001
  5.7200000e+002  7.2992701e-001
  5.7600000e+002  7.3196262e-001
  5.8000000e+002  7.7042144e-001
  5.8400000e+002  7.7656783e-001
  5.8800000e+002  7.5204499e-001
  5.9200000e+002  7.1637751e-001
  5.9600000e+002  6.9390948e-001
  6.0000000e+002  7.1850739e-001
  6.0400000e+002  7.4829217e-001
  6.0800000e+002  7.4042272e-001
  6.1200000e+002  7.2501322e-001
  6.1600000e+002  7.2208738e-001
  6.2000000e+002  7.2703303e-001
  6.2400000e+002  7.3343737e-001
  6.2800000e+002  7.5262147e-001
  6.3200000e+002  7.6212330e-001
  6.3600000e+002  7.4150914e-001
  6.4000000e+002  7.2001824e-001
  6.4400000e+002  7.1079027e-001
  6.4800000e+002  7.4105431e-001
  6.5200000e+002  7.5954388e-001
  6.5600000e+002  7.2650526e-001
  6.6000000e+002  7.0298415e-001
  6.6400000e+002  7.0785805e-001
  6.6800000e+002  7.2422219e-001
  6.7200000e+002  7.2797191e-001
  6.7600000e+002  7.2991914e-001
  6.8000000e+002  7.0772992e-001
  6.8400000e+002  6.9210326e-001
  6.8800000e+002  7.3605870e-001
  6.9200000e+002  7.1523038e-001
  6.9600000e+002  6.2601787e-001
  7.0000000e+002  6.5637675e-001
  7.0400000e+002  7.6627808e-001
  7.0800000e+002  8.4906281e-001
  7.1200000e+002  8.4543890e-001
  7.1600000e+002  7.9083192e-001
  7.2000000e+002  7.1177223e-001
  7.2400000e+002  6.6585067e-001
  7.2800000e+002  6.8315890e-001
  7.3200000e+002  7.3500508e-001
  7.3600000e+002  7.7115987e-001
  7.4000000e+002  7.9554937e-001
  7.4400000e+002  7.9646619e-001
  7.4800000e+002  7.4406414e-001
  7.5200000e+002  6.6134185e-001
  7.5600000e+002  6.0949868e-001
  7.6000000e+002  6.4645194e-001
  7.6400000e+002  6.7213969e-001
  7.6800000e+002  6.8731404e-001
  7.7200000e+002  7.1158873e-001
  7.7600000e+002  7.5803342e-001
  7.8000000e+002  7.7635997e-001
