 380.000000 0.000102
 384.000000 0.000106
 388.000000 0.000115
 392.000000 0.000126
 396.000000 0.000136
 400.000000 0.000149
 404.000000 0.000161
 408.000000 0.000176
 412.000000 0.000190
 416.000000 0.000202
 420.000000 0.000209
 424.000000 0.000215
 428.000000 0.000217
 432.000000 0.000222
 436.000000 0.000230
 440.000000 0.000240
 444.000000 0.000248
 448.000000 0.000253
 452.000000 0.000258
 456.000000 0.000264
 460.000000 0.000269
 464.000000 0.000275
 468.000000 0.000278
 472.000000 0.000277
 476.000000 0.000277
 480.000000 0.000273
 484.000000 0.000270
 488.000000 0.000275
 492.000000 0.000276
 496.000000 0.000279
 500.000000 0.000283
 504.000000 0.000284
 508.000000 0.000286
 512.000000 0.000291
 516.000000 0.000294
 520.000000 0.000298
 524.000000 0.000306
 528.000000 0.000323
 532.000000 0.000341
 536.000000 0.000358
 540.000000 0.000383
 544.000000 0.000415
 548.000000 0.000454
 552.000000 0.000501
 556.000000 0.000555
 560.000000 0.000610
 564.000000 0.000664
 568.000000 0.000730
 572.000000 0.000801
 576.000000 0.000880
 580.000000 0.000981
 584.000000 0.001063
 588.000000 0.001141
 592.000000 0.001221
 596.000000 0.001301
 600.000000 0.001374
 604.000000 0.001440
 608.000000 0.001499
 612.000000 0.001535
 616.000000 0.001564
 620.000000 0.001599
 624.000000 0.001640
 628.000000 0.001673
 632.000000 0.001690
 636.000000 0.001698
 640.000000 0.001722
 644.000000 0.001756
 648.000000 0.001797
 652.000000 0.001837
 656.000000 0.001872
 660.000000 0.001905
 664.000000 0.001944
 668.000000 0.001998
 672.000000 0.002007
 676.000000 0.001929
 680.000000 0.001859
 684.000000 0.001870
 688.000000 0.001861
 692.000000 0.001838
 696.000000 0.001791
 700.000000 0.001713
 704.000000 0.001645
 708.000000 0.001628
 712.000000 0.001610
 716.000000 0.001573
 720.000000 0.001544
 724.000000 0.001543
 728.000000 0.001552
 732.000000 0.001583
 736.000000 0.001634
 740.000000 0.001696
 744.000000 0.001743
 748.000000 0.001791
 752.000000 0.001834
 756.000000 0.001862
 760.000000 0.001862
 764.000000 0.001847
 768.000000 0.001798
 772.000000 0.001702
 776.000000 0.001594
 780.000000 0.001523
