  3.8000000e+002  4.0514163e-003
  3.8400000e+002  4.1743414e-003
  3.8800000e+002  4.0635246e-003
  3.9200000e+002  3.8187931e-003
  3.9600000e+002  3.7305869e-003
  4.0000000e+002  3.9307470e-003
  4.0400000e+002  3.9873124e-003
  4.0800000e+002  3.9681147e-003
  4.1200000e+002  3.8154177e-003
  4.1600000e+002  3.9711934e-003
  4.2000000e+002  4.0708215e-003
  4.2400000e+002  3.6268504e-003
  4.2800000e+002  3.4547771e-003
  4.3200000e+002  3.3122149e-003
  4.3600000e+002  3.2986878e-003
  4.4000000e+002  3.6120154e-003
  4.4400000e+002  3.4233705e-003
  4.4800000e+002  2.9438748e-003
  4.5200000e+002  2.4993767e-003
  4.5600000e+002  2.1965622e-003
  4.6000000e+002  2.0270675e-003
  4.6400000e+002  1.9735724e-003
  4.6800000e+002  1.9196581e-003
  4.7200000e+002  1.8260204e-003
  4.7600000e+002  1.6993614e-003
  4.8000000e+002  1.5850402e-003
  4.8400000e+002  1.5219022e-003
  4.8800000e+002  1.4611074e-003
  4.9200000e+002  1.4239946e-003
  4.9600000e+002  1.4114639e-003
  5.0000000e+002  1.3605794e-003
  5.0400000e+002  1.3299659e-003
  5.0800000e+002  1.3883724e-003
  5.1200000e+002  1.4621325e-003
  5.1600000e+002  1.5326331e-003
  5.2000000e+002  1.6014158e-003
  5.2400000e+002  1.6438178e-003
  5.2800000e+002  1.6892464e-003
  5.3200000e+002  1.7764037e-003
  5.3600000e+002  1.8571429e-003
  5.4000000e+002  1.8168144e-003
  5.4400000e+002  1.7777778e-003
  5.4800000e+002  1.9481317e-003
  5.5200000e+002  2.1859684e-003
  5.5600000e+002  2.2644171e-003
  5.6000000e+002  2.2398107e-003
  5.6400000e+002  2.2172758e-003
  5.6800000e+002  2.3091579e-003
  5.7200000e+002  2.3833375e-003
  5.7600000e+002  2.4609346e-003
  5.8000000e+002  2.6808012e-003
  5.8400000e+002  2.7827342e-003
  5.8800000e+002  2.7696830e-003
  5.9200000e+002  2.7181002e-003
  5.9600000e+002  2.7094367e-003
  6.0000000e+002  2.8700225e-003
  6.0400000e+002  3.0543878e-003
  6.0800000e+002  3.0937913e-003
  6.1200000e+002  3.0869910e-003
  6.1600000e+002  3.1337648e-003
  6.2000000e+002  3.2195393e-003
  6.2400000e+002  3.3182012e-003
  6.2800000e+002  3.4603456e-003
  6.3200000e+002  3.5551476e-003
  6.3600000e+002  3.5223605e-003
  6.4000000e+002  3.4686123e-003
  6.4400000e+002  3.4665653e-003
  6.4800000e+002  3.6533546e-003
  6.5200000e+002  3.7894563e-003
  6.5600000e+002  3.6572157e-003
  6.6000000e+002  3.5592167e-003
  6.6400000e+002  3.6137516e-003
  6.6800000e+002  3.7335071e-003
  6.7200000e+002  3.7619127e-003
  6.7600000e+002  3.7933513e-003
  6.8000000e+002  3.7034042e-003
  6.8400000e+002  3.6438876e-003
  6.8800000e+002  3.8949686e-003
  6.9200000e+002  3.8043942e-003
  6.9600000e+002  3.3463754e-003
  7.0000000e+002  3.5308698e-003
  7.0400000e+002  4.1563833e-003
  7.0800000e+002  4.6353173e-003
  7.1200000e+002  4.6519793e-003
  7.1600000e+002  4.3765705e-003
  7.2000000e+002  3.9545745e-003
  7.2400000e+002  3.7129743e-003
  7.2800000e+002  3.8284174e-003
  7.3200000e+002  4.1409692e-003
  7.3600000e+002  4.3695576e-003
  7.4000000e+002  4.5093880e-003
  7.4400000e+002  4.5256541e-003
  7.4800000e+002  4.2408264e-003
  7.5200000e+002  3.7774228e-003
  7.5600000e+002  3.4919645e-003
  7.6000000e+002  3.7093608e-003
  7.6400000e+002  3.8655199e-003
  7.6800000e+002  3.9688937e-003
  7.7200000e+002  4.1167586e-003
  7.7600000e+002  4.3971722e-003
  7.8000000e+002  4.5067159e-003
