  3.8000000e+002  1.0561771e-001
  3.8400000e+002  1.1555556e-001
  3.8800000e+002  1.2129098e-001
  3.9200000e+002  1.2040347e-001
  3.9600000e+002  1.2375347e-001
  4.0000000e+002  1.3568451e-001
  4.0400000e+002  1.4094074e-001
  4.0800000e+002  1.4311833e-001
  4.1200000e+002  1.3921701e-001
  4.1600000e+002  1.4637860e-001
  4.2000000e+002  1.5124646e-001
  4.2400000e+002  1.3510720e-001
  4.2800000e+002  1.3033121e-001
  4.3200000e+002  1.2672326e-001
  4.3600000e+002  1.2895933e-001
  4.4000000e+002  1.4655223e-001
  4.4400000e+002  1.4445097e-001
  4.4800000e+002  1.3093632e-001
  4.5200000e+002  1.1843680e-001
  4.5600000e+002  1.1032507e-001
  4.6000000e+002  1.0807418e-001
  4.6400000e+002  1.1105474e-001
  4.6800000e+002  1.1366300e-001
  4.7200000e+002  1.1456633e-001
  4.7600000e+002  1.1146871e-001
  4.8000000e+002  1.0815401e-001
  4.8400000e+002  1.0668453e-001
  4.8800000e+002  1.0340227e-001
  4.9200000e+002  1.0024129e-001
  4.9600000e+002  9.6959096e-002
  5.0000000e+002  9.0455251e-002
  5.0400000e+002  8.4013133e-002
  5.0800000e+002  8.2768103e-002
  5.1200000e+002  8.2007858e-002
  5.1600000e+002  8.0070028e-002
  5.2000000e+002  7.8098815e-002
  5.2400000e+002  7.5357918e-002
  5.2800000e+002  7.1831781e-002
  5.3200000e+002  7.1670220e-002
  5.3600000e+002  7.1313942e-002
  5.4000000e+002  6.5968305e-002
  5.4400000e+002  6.1248749e-002
  5.4800000e+002  6.3757512e-002
  5.5200000e+002  6.8281753e-002
  5.5600000e+002  6.8151016e-002
  5.6000000e+002  6.6026821e-002
  5.6400000e+002  6.5195396e-002
  5.6800000e+002  6.9846310e-002
  5.7200000e+002  7.6856280e-002
  5.7600000e+002  8.7688474e-002
  5.8000000e+002  1.1274714e-001
  5.8400000e+002  1.3690632e-001
  5.8800000e+002  1.6028885e-001
  5.9200000e+002  1.8860588e-001
  5.9600000e+002  2.2218344e-001
  6.0000000e+002  2.7009767e-001
  6.0400000e+002  3.2514451e-001
  6.0800000e+002  3.7252312e-001
  6.1200000e+002  4.0705976e-001
  6.1600000e+002  4.4660194e-001
  6.2000000e+002  4.9222870e-001
  6.2400000e+002  5.3340899e-001
  6.2800000e+002  5.7805346e-001
  6.3200000e+002  6.1281934e-001
  6.3600000e+002  6.2286768e-001
  6.4000000e+002  6.2319501e-001
  6.4400000e+002  6.3024316e-001
  6.4800000e+002  6.6837061e-001
  6.5200000e+002  6.9509172e-001
  6.5600000e+002  6.6995859e-001
  6.6000000e+002  6.5153870e-001
  6.6400000e+002  6.6032953e-001
  6.6800000e+002  6.7991530e-001
  6.7200000e+002  6.8349774e-001
  6.7600000e+002  6.8715184e-001
  6.8000000e+002  6.7011473e-001
  6.8400000e+002  6.5717540e-001
  6.8800000e+002  7.0062893e-001
  6.9200000e+002  6.8323379e-001
  6.9600000e+002  5.9880834e-001
  7.0000000e+002  6.2978819e-001
  7.0400000e+002  7.3756042e-001
  7.0800000e+002  8.1749425e-001
  7.1200000e+002  8.1824441e-001
  7.1600000e+002  7.6672326e-001
  7.2000000e+002  6.9129878e-001
  7.2400000e+002  6.4779682e-001
  7.2800000e+002  6.6444656e-001
  7.3200000e+002  7.1636733e-001
  7.3600000e+002  7.5339603e-001
  7.4000000e+002  7.7712100e-001
  7.4400000e+002  7.8015630e-001
  7.4800000e+002  7.2987974e-001
  7.5200000e+002  6.4962726e-001
  7.5600000e+002  5.9966419e-001
  7.6000000e+002  6.3588324e-001
  7.6400000e+002  6.5989054e-001
  7.6800000e+002  6.7595348e-001
  7.7200000e+002  7.0113273e-001
  7.7600000e+002  7.4710797e-001
  7.8000000e+002  7.6662189e-001
