 380.000000 0.001739
 384.000000 0.001940
 388.000000 0.002228
 392.000000 0.002492
 396.000000 0.002749
 400.000000 0.003097
 404.000000 0.003327
 408.000000 0.003618
 412.000000 0.003882
 416.000000 0.004057
 420.000000 0.004152
 424.000000 0.004215
 428.000000 0.004131
 432.000000 0.004130
 436.000000 0.004169
 440.000000 0.004255
 444.000000 0.004293
 448.000000 0.004313
 452.000000 0.004308
 456.000000 0.004325
 460.000000 0.004361
 464.000000 0.004408
 468.000000 0.004407
 472.000000 0.004302
 476.000000 0.004249
 480.000000 0.004134
 484.000000 0.004039
 488.000000 0.004028
 492.000000 0.004006
 496.000000 0.003980
 500.000000 0.003967
 504.000000 0.003927
 508.000000 0.003878
 512.000000 0.003861
 516.000000 0.003808
 520.000000 0.003787
 524.000000 0.003780
 528.000000 0.003826
 532.000000 0.003893
 536.000000 0.003954
 540.000000 0.003996
 544.000000 0.004042
 548.000000 0.004143
 552.000000 0.004270
 556.000000 0.004468
 560.000000 0.004727
 564.000000 0.005050
 568.000000 0.005604
 572.000000 0.006347
 576.000000 0.007329
 580.000000 0.008824
 584.000000 0.010390
 588.000000 0.012020
 592.000000 0.013940
 596.000000 0.015900
 600.000000 0.017740
 604.000000 0.019460
 608.000000 0.021140
 612.000000 0.022270
 616.000000 0.023170
 620.000000 0.023990
 624.000000 0.024670
 628.000000 0.025130
 632.000000 0.025280
 636.000000 0.025100
 640.000000 0.024980
 644.000000 0.025010
 648.000000 0.025120
 652.000000 0.025210
 656.000000 0.025210
 660.000000 0.025140
 664.000000 0.024930
 668.000000 0.024930
 672.000000 0.024530
 676.000000 0.022890
 680.000000 0.021240
 684.000000 0.020810
 688.000000 0.020220
 692.000000 0.019390
 696.000000 0.018270
 700.000000 0.016950
 704.000000 0.015720
 708.000000 0.015060
 712.000000 0.014420
 716.000000 0.013720
 720.000000 0.013150
 724.000000 0.012900
 728.000000 0.012760
 732.000000 0.012840
 736.000000 0.013040
 740.000000 0.013470
 744.000000 0.013870
 748.000000 0.014300
 752.000000 0.014750
 756.000000 0.015140
 760.000000 0.015350
 764.000000 0.015360
 768.000000 0.015180
 772.000000 0.014620
 776.000000 0.013950
 780.000000 0.013770
